9355.733005522716, 0.001207949555056993
23775.265233424238, 0.0016647434002805906
60418.91496753853, 0.0023735374975044398
153539.6240594913, 0.005556617126865061
390182.7129632479, 0.01039295667394841
991552.1835351848, 0.02057048214942952
1383488.0586523889, 0.026984609945232208
1930346.4207094258, 0.035882416736411224
2693364.2691323925, 0.04714375820816402
3757984.0635926146, 0.05998516945597724
5243421.539398872, 0.07240648626354862
7316015.441946384, 0.0894507237482444
10207854.07860497, 0.09930194711374275
14242764.482515972, 0.10974183108280681
19872574.44535697, 0.08321074117467807
27727708.028244577, 0.051407270415534875
38687780.2175857, 0.028818701959197824
53980095.88962662, 0.010080828262646445
75317082.96173532, 0.004146679766514477
105088049.44444442, 0.0005683022211947831
90202566.19999999, 0.00101138530890597
64648589.425, 0.007120152574698029
46333938.055, 0.018418048893255504
