9355.733005522716, 0.0029565112513276113
23302.920470603985, 0.005573054974896213
58042.069193161435, 0.006723854744981365
144569.0809644869, 0.012969461094450402
360087.4238539182, 0.016725324223087847
896892.6962301331, 0.028535832235007254
1242475.4629498206, 0.0351833513277137
1721215.126983554, 0.04035175877406901
2384418.5271260003, 0.04265165485949782
3303161.599831826, 0.04160739098074869
4575906.633201136, 0.044628761582878956
6339054.53394718, 0.044711414095991074
8781563.000608105, 0.049023316276286345
12165197.242061088, 0.0525809883803586
16852583.523912866, 0.059902576331501
23346072.059440043, 0.056758989055131916
32341574.20618543, 0.057172125293855826
44803143.735318735, 0.04894455778844888
62066295.096536264, 0.018594706031965728
85981131.36363634, 0.01541059031600172
74023713.23, 0.014417221100100767
53434719.42, 0.03028886850946688
38572358.975, 0.04751396892584698
