935.5733005522716, 8.793823870875099e-05
1585.2743219613153, 0.00011064494613016062
2686.1547613494567, 0.00020269272664108148
4551.53237642389, 0.00040145458721052227
7712.305810417067, 0.0004297151319225455
13068.051810745468, 0.0008316164084593906
22143.050642216815, 0.0014410942149384468
37520.10619827872, 0.0018662084467998673
63575.62884520314, 0.0029237601361542537
107725.19037401985, 0.005267055502260012
182534.04412836465, 0.008348700084286446
309293.27811047673, 0.013564699702191756
524079.3975783018, 0.015004495481380114
888021.9338873932, 0.021449396084964597
1504701.3080633103, 0.050171587491387025
2549628.4946206557, 0.05255333425887362
4320196.59034423, 0.06996192062830962
7320320.830505448, 0.08897086531405564
12403856.153514167, 0.03571428571428571
21017609.888888888, 0.0
