9355.733005522716, 0.003687126706178871
22591.26217227958, 0.005730078865459544
54551.05722185529, 0.010392995193510703
131724.28443035771, 0.017220902734101325
318074.25909498543, 0.0225844319424597
768053.0187454744, 0.03902800233166147
1052271.6514441085, 0.04826269800941132
1441665.6160554097, 0.055128035511161126
1975155.12811172, 0.055630682920512105
2706062.8599718865, 0.06468779331772782
3707443.5814668983, 0.06182300455071011
5079386.038320965, 0.06745220487884845
6959016.896511134, 0.06275955676923359
9534206.654223079, 0.07046346092484956
13062347.437466983, 0.07296141021801428
17896079.533950914, 0.074849792824697
24518538.05135064, 0.07926503150450223
33591642.6296084, 0.11064906386357623
46022256.7998163, 0.030574167675228754
63052829.66666669, 0.0378751094347629
54537543.235, 0.019123258144535332
39806949.715, 0.0
29055090.340000004, 0.057567430077992116
