9355.733005522716, 0.0012082531033260104
23302.920470603985, 0.0025248219821883116
58042.069193161435, 0.0019079707931641979
144569.0809644869, 0.004203531100185074
360087.4238539182, 0.004635733115509117
896892.6962301331, 0.009864098739019679
1242475.4629498206, 0.012519969814821669
1721215.126983554, 0.016080053707022583
2384418.5271260003, 0.02009147675454629
3303161.599831826, 0.023945889881879834
4575906.633201136, 0.02720774229291911
6339054.53394718, 0.03292397038802147
8781563.000608105, 0.04111013952167779
12165197.242061088, 0.044470182350076194
16852583.523912866, 0.05991349633799878
23346072.059440043, 0.07711141107967559
32341574.20618543, 0.07144791858037768
44803143.735318735, 0.05334689283000094
62066295.096536264, 0.03953226711103424
85981131.36363634, 0.01880570862935599
74023713.23, 0.0373046548177893
53434719.42, 0.04754890767746956
38572358.975, 0.058289314603636184
