935.5733005522716, 0.00047218214151855114
1516.1327387288575, 0.0006533997517847824
2456.9517750117084, 0.0006337136867650478
3981.5854314935154, 0.0007202352192635578
6452.313272695747, 0.0009343075851885678
10456.223352562643, 0.0012593856679706103
16944.71458187545, 0.0013327123046194126
27459.565713164884, 0.0017884258573837787
44499.2888792679, 0.003346595297147533
72112.81967985324, 0.005085250559121213
116861.61494148764, 0.007950546483040711
189378.76936946163, 0.009847727379440795
306895.624417384, 0.018155583735086356
497336.2357360636, 0.024121765713052492
805952.6161237338, 0.035736788161633413
1306077.4035001383, 0.061512129990040666
2116548.975469509, 0.07700646639360781
3429949.521793832, 0.13383318633722296
5558365.933603807, 0.1738432813153099
9007547.095238097, 0.19765779948377898
