935.5733005522716, 0.0006103097798894454
1585.2743219613153, 0.000622990052619638
2686.1547613494567, 0.0008334641436869568
4551.53237642389, 0.0011894869148345482
7712.305810417067, 0.0009767739073004475
13068.051810745468, 0.0014864011509559346
22143.050642216815, 0.002088615777639469
37520.10619827872, 0.0021428142375945155
63575.62884520314, 0.002673710349010085
107725.19037401985, 0.0044884649746863865
182534.04412836465, 0.007709130085668165
309293.27811047673, 0.011571707630968651
524079.3975783018, 0.017076025750494318
888021.9338873932, 0.024840242083362888
1504701.3080633103, 0.04166279527907593
2549628.4946206557, 0.05456199561600752
4320196.59034423, 0.11548447678390945
7320320.830505448, 0.10810904819609457
12403856.153514167, 0.1682643220790326
21017609.888888888, 0.1896485647053682
