935.5733005522716, 0.001505723703150268
1543.221179626102, 0.002050694508592884
2545.5318229376066, 0.0029558196296041667
4198.835751566079, 0.0027230085686372496
6925.948247735426, 0.004666660534217821
11424.299965155355, 0.00625545324840616
18844.29756409497, 0.008348415290728767
31083.528248317256, 0.00960126676910608
51272.04795390513, 0.012328884166080713
84572.8605963471, 0.018059775478532072
139502.30261680763, 0.02280288250121274
230108.0074407696, 0.03343229660013339
379561.44160434563, 0.040091547810306966
626083.7662933231, 0.040862225153758834
1032720.5017432558, 0.06517968627851178
1703464.7632457162, 0.08104348903938229
2809852.4186568256, 0.1328213769192355
4634830.602300378, 0.0587961170169206
7645118.501379818, 0.0
12610565.93333334, 0.0
