9355.733005522716, 0.0023296468477899943
23775.265233424238, 0.003884898547207202
60418.91496753853, 0.005269932885946557
153539.6240594913, 0.009633933906673579
390182.7129632479, 0.014356082274999456
991552.1835351848, 0.021394452792013702
1383488.0586523889, 0.026747616955533023
1930346.4207094258, 0.030737610535979887
2693364.2691323925, 0.030967252341805997
3757984.0635926146, 0.030717609267525897
5243421.539398872, 0.03186883452994453
7316015.441946384, 0.037879239344941466
10207854.07860497, 0.03379801148807126
14242764.482515972, 0.04558511392613271
19872574.44535697, 0.044861404922488655
27727708.028244577, 0.04798467150769425
38687780.2175857, 0.037788786374079314
53980095.88962662, 0.02692875657893865
75317082.96173532, 0.012332651745081963
105088049.44444442, 0.010978150004808266
90202566.19999999, 0.01303734972557052
64648589.425, 0.03033736967914266
46333938.055, 0.03776235411307701
