9355.733005522716, 0.0012206496492215104
23775.265233424238, 0.0015968743715518282
60418.91496753853, 0.0018746568954843047
153539.6240594913, 0.0026974456352742253
390182.7129632479, 0.0038498201985051423
991552.1835351848, 0.00724999568243374
1383488.0586523889, 0.009254825163475772
1930346.4207094258, 0.011839133191292123
2693364.2691323925, 0.014660241998361674
3757984.0635926146, 0.01725771206783808
5243421.539398872, 0.019368448378013735
7316015.441946384, 0.02448796736480784
10207854.07860497, 0.03089458992443865
14242764.482515972, 0.038867619922891485
19872574.44535697, 0.04690154210479588
27727708.028244577, 0.054024917061872436
38687780.2175857, 0.050369698518183445
53980095.88962662, 0.03671417831660865
75317082.96173532, 0.031929218414214255
105088049.44444442, 0.013751767388847857
90202566.19999999, 0.018333181285824868
64648589.425, 0.037058520508145315
46333938.055, 0.04549272747480205
