9355.733005522716, 0.0013874765940881644
23302.920470603985, 0.0025950356528868924
58042.069193161435, 0.0030111455731290445
144569.0809644869, 0.007646697729342359
360087.4238539182, 0.012406612998552783
896892.6962301331, 0.028011822887855947
1242475.4629498206, 0.03692955527143617
1721215.126983554, 0.0479776898244794
2384418.5271260003, 0.06341562355378517
3303161.599831826, 0.07997091268148064
4575906.633201136, 0.09943043708843417
6339054.53394718, 0.11438915275987294
8781563.000608105, 0.13589963755253015
12165197.242061088, 0.14379529561347743
16852583.523912866, 0.1185584388063727
23346072.059440043, 0.0877376755475929
32341574.20618543, 0.051625601212378074
44803143.735318735, 0.01850353503246065
62066295.096536264, 0.00640062416921921
85981131.36363634, 0.0010643626346105686
74023713.23, 0.004228553815330674
53434719.42, 0.011922787955845808
38572358.975, 0.02705971714236177
