9355.733005522716, 0.0004524218393439552
22916.869215560193, 0.0013063131555426434
56134.87412830966, 0.002492213758352867
137502.38148855016, 0.004933832505677571
336812.10136512603, 0.008314266345275772
825021.2861617823, 0.017720409536319575
1136112.64080748, 0.025270267823189616
1564507.4305991104, 0.0316974078261042
2154437.344047304, 0.036046033680811246
2966812.543452191, 0.04216164452273879
4085510.62870547, 0.047288149570093495
5626036.985081384, 0.06583566371154875
7747450.694439372, 0.06476963963427938
10668787.358123051, 0.075286799434476
14691674.48520084, 0.06400606889986316
20231474.48100182, 0.04685412463421626
27860170.744167674, 0.021021746891176297
38365424.854379795, 0.020666983994764083
52831902.49525646, 0.0024097102397810438
72753265.00000001, 0.0014354138156720414
62792583.75, 0.004988001031316316
45598663.675, 0.0035253168322722677
33112797.795, 0.027379464905495723
