9355.733005522716, 0.0005077931788673751
24759.07962213498, 0.0011602987050707504
65522.607728689596, 0.0010959747846279535
173399.50390278432, 0.0015399252605681171
458885.70366784214, 0.0016857965232445027
1214398.4515018493, 0.0029388981037442893
1719135.1416081968, 0.002990461820031428
2433653.988488912, 0.0036590948148756968
3445146.1041902183, 0.004508919938903745
4877041.574257111, 0.005225186431080518
6904071.3507339265, 0.006125375052955209
9773589.273387663, 0.007915035475438571
13835756.096976569, 0.010182274571566164
19586268.812856816, 0.012095287359951
27726849.426994294, 0.014425558017135411
39250874.50257869, 0.014177399598273127
55564594.6458401, 0.01216559827929081
78658736.07360467, 0.008737372873655622
111351424.41213207, 0.0046052318191809345
157632074.1666667, 0.0019005362927768522
134491749.29, 0.0015203960818256793
95005080.24, 0.011814781367863606
67111665.36, 0.009862361526113498
