9355.733005522716, 0.0005113103821975126
22591.26217227958, 0.0011131944701290807
54551.05722185529, 0.0025846040006806356
131724.28443035771, 0.005296395342209586
318074.25909498543, 0.009128216177362366
768053.0187454744, 0.020216000785580536
1052271.6514441085, 0.028076971785831455
1441665.6160554097, 0.033794193350008196
1975155.12811172, 0.040044718209517965
2706062.8599718865, 0.050143228796145155
3707443.5814668983, 0.05666289839550981
5079386.038320965, 0.06552610800840707
6959016.896511134, 0.08014683035507693
9534206.654223079, 0.0993993730682391
13062347.437466983, 0.07544581764400887
17896079.533950914, 0.044067947878859995
24518538.05135064, 0.02608181964997577
33591642.6296084, 0.03373594335693461
46022256.7998163, 0.0037967811031117986
63052829.66666669, 0.0028857023859106324
54537543.235, 0.001100731837924674
39806949.715, 0.0
29055090.340000004, 0.020633763709565454
