9355.733005522716, 0.0004178331958423587
23302.920470603985, 0.0011895187863534386
58042.069193161435, 0.0017999941989946156
144569.0809644869, 0.004527419666944865
360087.4238539182, 0.0071292281915334675
896892.6962301331, 0.01573009545342502
1242475.4629498206, 0.021365674146218483
1721215.126983554, 0.026692011504887096
2384418.5271260003, 0.03192508392313817
3303161.599831826, 0.03498115020463864
4575906.633201136, 0.04244336218452395
6339054.53394718, 0.056246000512420104
8781563.000608105, 0.07012426794957885
12165197.242061088, 0.06769917296364611
16852583.523912866, 0.06630669760615618
23346072.059440043, 0.03418838380833382
32341574.20618543, 0.019386763451736386
44803143.735318735, 0.009517363796830684
62066295.096536264, 0.0013907895519723924
85981131.36363634, 0.0007139882191943833
74023713.23, 0.0006247396917950853
53434719.42, 0.003864461236389599
38572358.975, 0.010896820202466658
