935.5733005522716, 0.00046403298461949934
1543.221179626102, 0.0006089908887290124
2545.5318229376066, 0.0008312311050831573
4198.835751566079, 0.0007874605061101864
6925.948247735426, 0.001124205569617073
11424.299965155355, 0.0015818123705285561
18844.29756409497, 0.0018358664674524494
31083.528248317256, 0.002048477750414617
51272.04795390513, 0.002712754458144106
84572.8605963471, 0.004695281563278348
139502.30261680763, 0.006907533476812744
230108.0074407696, 0.01235185318897792
379561.44160434563, 0.01671514973547851
626083.7662933231, 0.02668725107815238
1032720.5017432558, 0.04412136236014269
1703464.7632457162, 0.06598479699959409
2809852.4186568256, 0.10203497112102959
4634830.602300378, 0.13783351589828066
7645118.501379818, 0.17296270847767853
12610565.93333334, 0.20409749230590535
