935.5733005522716, 0.0015376211988219729
1516.1327387288575, 0.00242224858268655
2456.9517750117084, 0.002348640827096774
3981.5854314935154, 0.0033946991136696754
6452.313272695747, 0.004042652160339871
10456.223352562643, 0.006034600345256723
16944.71458187545, 0.0073155426764481635
27459.565713164884, 0.00881018174841338
44499.2888792679, 0.012931570241941944
72112.81967985324, 0.016514056030082897
116861.61494148764, 0.02606052759792525
189378.76936946163, 0.027788816074224384
306895.624417384, 0.03834076357167228
497336.2357360636, 0.032968388770943394
805952.6161237338, 0.04307613545222977
1306077.4035001383, 0.05933050457039073
2116548.975469509, 0.0664688460714201
3429949.521793832, 0.0349673725783598
5558365.933603807, 0.0
9007547.095238097, 0.0
