9355.733005522716, 0.001315184987313773
22916.869215560193, 0.0025233083360647057
56134.87412830966, 0.0024925315416678196
137502.38148855016, 0.0043159782138837395
336812.10136512603, 0.0057670532332793215
825021.2861617823, 0.012074826537469241
1136112.64080748, 0.015395119919195009
1564507.4305991104, 0.01966184917341539
2154437.344047304, 0.02411512603640285
2966812.543452191, 0.029340482118440824
4085510.62870547, 0.0344077002371326
5626036.985081384, 0.040417493581480564
7747450.694439372, 0.04757347614437913
10668787.358123051, 0.0581948215110852
14691674.48520084, 0.07595695060242405
20231474.48100182, 0.08439383471717901
27860170.744167674, 0.08849045657772846
38365424.854379795, 0.083844118277463
52831902.49525646, 0.05452613863130995
72753265.00000001, 0.03536505597879487
62792583.75, 0.07591195561118227
45598663.675, 0.07261444764500481
33112797.795, 0.09005543862600451
