935.5733005522716, 7.024934138636762e-05
1543.221179626102, 0.00012135060031769738
2545.5318229376066, 0.0002724655994127048
4198.835751566079, 0.0002576504034229982
6925.948247735426, 0.0005893023385734756
11424.299965155355, 0.0008597131670850954
18844.29756409497, 0.0011411125530242563
31083.528248317256, 0.0015718284952095758
51272.04795390513, 0.002345751617678953
84572.8605963471, 0.004134622217604883
139502.30261680763, 0.006230441239170331
230108.0074407696, 0.012427031065098538
379561.44160434563, 0.014178364648532596
626083.7662933231, 0.01606473493187362
1032720.5017432558, 0.037522712606011234
1703464.7632457162, 0.04951904960234823
2809852.4186568256, 0.10812128544323463
4634830.602300378, 0.01911108466710299
7645118.501379818, 0.0
12610565.93333334, 0.0
