9355.733005522716, 0.0014609622047638575
22916.869215560193, 0.0027616618525709434
56134.87412830966, 0.00431183075811175
137502.38148855016, 0.009241484448096018
336812.10136512603, 0.015544705703982298
825021.2861617823, 0.03433749109354496
1136112.64080748, 0.045562384674853226
1564507.4305991104, 0.058825926139975726
2154437.344047304, 0.07676825411301111
2966812.543452191, 0.09792258165518967
4085510.62870547, 0.12187116928308751
5626036.985081384, 0.14024425483808672
7747450.694439372, 0.16086420466585757
10668787.358123051, 0.19379105742742106
14691674.48520084, 0.1485397522587605
20231474.48100182, 0.11669416233653648
27860170.744167674, 0.07309245506559556
38365424.854379795, 0.039701207883026064
52831902.49525646, 0.012302779864763335
72753265.00000001, 0.0025140149107091255
62792583.75, 0.01829162572964226
45598663.675, 0.02296205860255447
33112797.795, 0.059310524186557245
