0.49039713055954093, 0.00030480576994028737
0.8531167160162296, 0.000696283216606045
1.484119881198918, 0.0005427729294391089
2.581841124922921, 0.0014507051913712579
4.491485949880498, 0.0015759602047465207
7.813589241892716, 0.0011266715791121253
13.59286826727042, 0.0021970032624195816
23.646759768320067, 0.0016672486126997166
41.13695774474885, 0.00166804209756511
71.56368606410021, 0.0026179571212465915
124.49537943128126, 0.003875910111409582
216.57771353275447, 0.005777201009107696
376.76824805347053, 0.009391538640891622
655.44284509132, 0.01488928551027098
1140.23760070258, 0.02243588287720276
1983.6081754387515, 0.030582631877523903
3450.7732346688167, 0.05674783692075661
6003.118995248545, 0.07743019109277989
10443.293494066009, 0.11578356651007794
18167.61904761905, 0.21775774714572646
14305.455, 0.20979404812458594
8223.205, 0.040018174541435664
4726.945, 0.07075555177588455
