0.49039713055954093, 0.0004340904797537282
0.8683591820285603, 0.00039707844878545263
1.5376265928655524, 0.0006251594581011736
2.72271611565635, 0.0009153864411725513
4.8211855081404655, 0.002580214442729461
8.537000817031702, 0.0018229228783192574
15.116693358291863, 0.002395766625674537
26.76752913420469, 0.0020550614749936915
47.39797249095348, 0.0020903993238746135
83.92884472039002, 0.0025835147843041367
148.61502730826302, 0.004298657499916961
263.1565633414466, 0.00603771796286762
465.97829360847106, 0.010197502304454207
825.1201009663894, 0.014880951623900485
1461.0620073020682, 0.024023504107905932
2587.1411770012187, 0.03698806233460798
4581.119375005029, 0.06168765424501983
8111.909359493212, 0.10628363373494643
14363.972660407115, 0.13589415249850584
25434.666666666682, 0.24439704764482512
19899.32, 0.23410537096635997
11237.939999999999, 0.040018174541435664
6346.514999999999, 0.09508545345911755
