0.49039713055954093, 0.0022109135524195837
0.9606754544053134, 0.0022109135524195837
1.881938680277011, 0.0022109135524195837
3.6866698114142937, 0.005073100128389354
7.222092005884539, 0.009087476257155606
14.147893792922044, 0.013728341432763405
27.715362614144222, 0.012426054180772375
54.29368753233014, 0.017553871871371494
106.35994725733542, 0.012047573218200243
208.35642032689296, 0.014084054972947622
408.1649061596614, 0.013071057901521915
799.5846269529242, 0.015645469299002155
1566.3658634320677, 0.01944276268787316
3068.470722699044, 0.024016989728087048
6011.055779414677, 0.026877205802909407
11775.504754189744, 0.03736922402138292
23067.913076236244, 0.07172592375922135
45189.45257981054, 0.10847439718024676
88524.9835004204, 0.10126747770541304
173418.1818181818, 0.0
130971.57999999999, 0.0
66857.215, 0.09142089811550148
34128.68, 0.10971134552824244
