0.49039713055954093, 0.0005148005148005148
0.9522659120279375, 0.0005148005148005148
1.849134733263494, 0.0006864006864006864
3.5906979537677057, 0.0010296010296010295
6.972510744220806, 0.002574002574002574
13.539402841517788, 0.0026026026026026027
26.291164837120082, 0.004604604604604605
51.05286817916496, 0.005405405405405406
99.1357882188341, 0.0035893035893035893
192.50445383948806, 0.004647504647504647
373.8101589129161, 0.006921206921206922
725.8742959942687, 0.00862369337979094
1409.521600797164, 0.012256973795435333
2737.045731027627, 0.016928158546655653
5314.866639503601, 0.027126805778491168
10320.546374321128, 0.05111111111111111
20040.705569700083, 0.09254658385093167
38915.563688635295, 0.16785714285714284
75567.25445305236, 0.04047619047619047
146738.4615384616, 0.05714285714285714
111152.855, 0.0
57241.405, 0.04642857142857143
29478.135, 0.16
