0.49039713055954093, 0.0005148005148005148
0.9606754544053134, 0.0005148005148005148
1.881938680277011, 0.0005148005148005148
3.6866698114142937, 0.0010296010296010295
7.222092005884539, 0.001801801801801802
14.147893792922044, 0.002631202631202631
27.715362614144222, 0.0029601029601029603
54.29368753233014, 0.005148005148005148
106.35994725733542, 0.0040612040612040615
208.35642032689296, 0.005090805090805091
408.1649061596614, 0.005348205348205348
799.5846269529242, 0.007682619647355163
1566.3658634320677, 0.010793650793650793
3068.470722699044, 0.016158113730929263
6011.055779414677, 0.023809523809523808
11775.504754189744, 0.04123989218328841
23067.913076236244, 0.08956043956043956
45189.45257981054, 0.13846153846153847
88524.9835004204, 0.04523809523809524
173418.1818181818, 0.0
130971.57999999999, 0.0
66857.215, 0.04107142857142857
34128.68, 0.14705882352941177
