0.49039713055954093, 0.000158052789631737
0.9451207449794323, 0.000158052789631737
1.8214894968314337, 0.0002546406055177985
3.510476311827683, 0.0003951319740793425
6.76558605324955, 0.0008605096324394571
13.039015386517068, 0.0010361238431413871
25.12951884902404, 0.0023883532655462484
48.43101253154795, 0.002309326870730379
93.33895284358182, 0.002019563423072195
179.8880440969781, 0.0029327573187222307
346.690287636556, 0.004425478109688636
668.1608894292099, 0.0080191722739423
1287.7169914573617, 0.01345424371740161
2481.760121435068, 0.021671826625386997
4782.986744140772, 0.034199422607150795
9218.03924442056, 0.05519897304236201
17765.520177485258, 0.08646616541353384
34238.70291804937, 0.15071770334928228
65986.74093405489, 0.20175438596491227
127173.33333333339, 0.30701754385964913
96580.035, 0.21052631578947367
50112.72, 0.1867167919799498
26002.11, 0.1215538847117794
