0.49039713055954093, 0.0017791884473039657
0.9708755089350524, 0.0022109135524195837
1.9221141297755873, 0.0022109135524195837
3.8053516582527283, 0.0031361075731440695
7.533736430446745, 0.005236695695372816
14.915095817846487, 0.012719941092380928
29.5285195214017, 0.008308296001918554
58.45979642199143, 0.013079323416263972
115.73718740703234, 0.011932288741431247
229.13347922387814, 0.008709647903667366
453.63251412526813, 0.010563481638843185
898.0898756857312, 0.012760910035396653
1778.0150225000903, 0.01604112835741942
3520.067986316154, 0.017021022314424684
6968.939222383453, 0.021470010229811667
13796.924966810124, 0.027905715480826387
27314.793896951996, 0.056051830364959844
54077.119896482654, 0.08866300709163101
107060.47819108293, 0.12941092948969543
211955.55555555553, 0.0
159508.02, 0.0
80568.8, 0.05237229365663818
40695.955, 0.08078070173831857
