0.49039713055954093, 0.0011743437819332365
0.8683591820285603, 0.0016710837875580206
1.5376265928655524, 0.0026685527917470323
2.72271611565635, 0.003686215293000775
4.8211855081404655, 0.015405941065894116
8.537000817031702, 0.006840969013061474
15.116693358291863, 0.014253606951590149
26.76752913420469, 0.013768649044521523
47.39797249095348, 0.015459340633487145
83.92884472039002, 0.01932688753906249
148.61502730826302, 0.022094356658171395
263.1565633414466, 0.024597051710337967
465.97829360847106, 0.03486244171059739
825.1201009663894, 0.03893938792354532
1461.0620073020682, 0.04436795775195632
2587.1411770012187, 0.08229886876101558
4581.119375005029, 0.15055975840196817
8111.909359493212, 0.1649572197684645
14363.972660407115, 0.0
25434.666666666682, 0.0
19899.32, 0.24836198072448162
11237.939999999999, 0.0
6346.514999999999, 0.23365578424298442
