0.49039713055954093, 0.0012478498795982307
0.9522659120279375, 0.0012478498795982307
1.849134733263494, 0.0013616614491670708
3.5906979537677057, 0.002007770474748139
6.972510744220806, 0.0032858282333559667
13.539402841517788, 0.0025921990039309544
26.291164837120082, 0.003716844795072414
51.05286817916496, 0.00448934811299807
99.1357882188341, 0.0034915002425121738
192.50445383948806, 0.00354550478333703
373.8101589129161, 0.004402990090809635
725.8742959942687, 0.006026000504404851
1409.521600797164, 0.009501150925005792
2737.045731027627, 0.014425135922201637
5314.866639503601, 0.01874629359821603
10320.546374321128, 0.026821365400104276
20040.705569700083, 0.041751127943261655
38915.563688635295, 0.07381231322435285
75567.25445305236, 0.09994056234334854
146738.4615384616, 0.24984605909870378
111152.855, 0.12929300853494452
57241.405, 0.08422308934066455
29478.135, 0.06263591971460064
