0.49039713055954093, 0.00046469546144063835
0.9918169061039493, 0.0011617386536015963
2.005926857914548, 0.0019194007419490935
4.056940887516203, 0.0022109135524195837
8.205069541723987, 0.0022109135524195837
16.594564242158384, 0.0032945941948426616
33.56212412177325, 0.001679627840414818
67.87862333279362, 0.0036926170219543897
137.28295291555088, 0.004343274771189661
277.65161159519494, 0.007287172796477495
561.5439920558159, 0.00593863943886489
1135.709795460231, 0.006363747370419469
2296.9469137800193, 0.006847362918139433
4645.522250325879, 0.00720326803880316
9395.461797050346, 0.007550589574862067
19002.10517205895, 0.009802336529786614
38431.320223487965, 0.019831108509143814
77726.46034461664, 0.022188892238584383
157199.97654441642, 0.03549456219730328
317933.3333333334, 0.0
237566.65500000003, 0.03679133954555091
117463.22, 0.04330488947466673
58078.89, 0.02790890944045948
