0.49039713055954093, 0.000429000429000429
0.9708755089350524, 0.0005148005148005148
1.9221141297755873, 0.0005148005148005148
3.8053516582527283, 0.0006864006864006864
7.533736430446745, 0.001058201058201058
14.915095817846487, 0.0024310024310024315
29.5285195214017, 0.001716001716001716
58.45979642199143, 0.004046904046904047
115.73718740703234, 0.004075504075504076
229.13347922387814, 0.0033319033319033323
453.63251412526813, 0.00449020449020449
898.0898756857312, 0.006363506363506364
1778.0150225000903, 0.009176029962546817
3520.067986316154, 0.01295804567180032
6968.939222383453, 0.01957671957671958
13796.924966810124, 0.034328358208955224
27314.793896951996, 0.07575757575757576
54077.119896482654, 0.059821428571428574
107060.47819108293, 0.06734693877551019
211955.55555555553, 0.0
159508.02, 0.0
80568.8, 0.02
40695.955, 0.11088435374149659
