0.49039713055954093, 0.0022109135524195837
0.9451207449794323, 0.0022109135524195837
1.8214894968314337, 0.003935388877170304
3.510476311827683, 0.0062482390255929575
6.76558605324955, 0.01455629074080991
13.039015386517068, 0.01659876893290537
25.12951884902404, 0.021830033882481316
48.43101253154795, 0.017755073048988636
93.33895284358182, 0.012933285843110333
179.8880440969781, 0.015194961300821633
346.690287636556, 0.017000720415873565
668.1608894292099, 0.020532526386647296
1287.7169914573617, 0.02635157233278862
2481.760121435068, 0.028893662651490477
4782.986744140772, 0.03831587020079285
9218.03924442056, 0.04663786169129512
17765.520177485258, 0.09032261529960078
34238.70291804937, 0.1638063433790628
65986.74093405489, 0.09165151389911684
127173.33333333339, 0.21440472885433765
96580.035, 0.0
50112.72, 0.13574113590461948
26002.11, 0.12832824426336725
