0.49039713055954093, 0.000158052789631737
0.9606754544053134, 0.000158052789631737
1.881938680277011, 0.000158052789631737
3.6866698114142937, 0.00031610557926347406
7.222092005884539, 0.000561965474246176
14.147893792922044, 0.0008341675008341675
27.715362614144222, 0.0011853959222380274
54.29368753233014, 0.002212739054844318
106.35994725733542, 0.001826387791300072
208.35642032689296, 0.0025551867657130816
408.1649061596614, 0.0030995908188890644
799.5846269529242, 0.0057558884617084265
1566.3658634320677, 0.009659952350010827
3068.470722699044, 0.015755407937319024
6011.055779414677, 0.02447786131996658
11775.504754189744, 0.041542535584243624
23067.913076236244, 0.0664642375168691
45189.45257981054, 0.12010796221322537
88524.9835004204, 0.15497076023391818
173418.1818181818, 0.14327485380116958
130971.57999999999, 0.11403508771929824
66857.215, 0.14144736842105263
34128.68, 0.09803921568627451
