0.49039713055954093, 0.0012478498795982307
0.9451207449794323, 0.0012478498795982307
1.8214894968314337, 0.0016064861258648176
3.510476311827683, 0.002060924608194369
6.76558605324955, 0.0033169707896535307
13.039015386517068, 0.0028588461691095588
25.12951884902404, 0.0046679036824731415
48.43101253154795, 0.004363518419984343
93.33895284358182, 0.0036694966480856272
179.8880440969781, 0.003618206820537773
346.690287636556, 0.004492086559673822
668.1608894292099, 0.006841633654575491
1287.7169914573617, 0.011024500727026225
2481.760121435068, 0.015421157857232776
4782.986744140772, 0.021203141483064646
9218.03924442056, 0.030486115756194906
17765.520177485258, 0.0482686640030604
34238.70291804937, 0.08414117413908599
65986.74093405489, 0.12281954823289222
127173.33333333339, 0.2434111741317826
96580.035, 0.16674359566530123
50112.72, 0.10890726482520097
26002.11, 0.06685202340024632
