0.49039713055954093, 0.0005148005148005148
0.9451207449794323, 0.0005148005148005148
1.8214894968314337, 0.0008294008294008295
3.510476311827683, 0.0012584012584012584
6.76558605324955, 0.002774202774202774
13.039015386517068, 0.0032175032175032177
25.12951884902404, 0.005734305734305735
48.43101253154795, 0.004962104962104962
93.33895284358182, 0.004089804089804089
179.8880440969781, 0.005348205348205348
346.690287636556, 0.006563706563706564
668.1608894292099, 0.009357017763322492
1287.7169914573617, 0.01365830115830116
2481.760121435068, 0.0196078431372549
4782.986744140772, 0.031103074141048827
9218.03924442056, 0.04947735191637631
17765.520177485258, 0.10136054421768707
34238.70291804937, 0.19610389610389609
65986.74093405489, 0.060000000000000005
127173.33333333339, 0.12142857142857143
96580.035, 0.0
50112.72, 0.11428571428571428
26002.11, 0.1551020408163265
