0.49039713055954093, 0.0001317106580264475
0.9708755089350524, 0.000158052789631737
1.9221141297755873, 0.000158052789631737
3.8053516582527283, 0.000210737052842316
7.533736430446745, 0.0003248862897985705
14.915095817846487, 0.000755141106018299
29.5285195214017, 0.0005707461847812725
58.45979642199143, 0.0016507735805981417
115.73718740703234, 0.0018088263702298792
229.13347922387814, 0.0015717471857822733
453.63251412526813, 0.0024585989498270193
898.0898756857312, 0.00418839892524103
1778.0150225000903, 0.007277087850712925
3520.067986316154, 0.01170677623426596
6968.939222383453, 0.01903833658219623
13796.924966810124, 0.030898140874574487
27314.793896951996, 0.05103668261562998
54077.119896482654, 0.09046052631578948
107060.47819108293, 0.1090225563909774
211955.55555555553, 0.07602339181286549
159508.02, 0.1162280701754386
80568.8, 0.10175438596491228
40695.955, 0.07894736842105263
