0.49039713055954093, 7.90263948158685e-05
0.8920221752287865, 0.0001141492369562545
1.6225697735873812, 0.000316105579263474
2.951420652165021, 0.000280982737123088
5.368572746654265, 0.000649772579597141
9.765322105128186, 0.0013258872907995715
17.76291769098876, 0.0013961329750803435
32.31037763016009, 0.001738580685949107
58.77190452406122, 0.001914194896651037
106.9048712745811, 0.003304224687278736
194.45773613744063, 0.004654493376297888
353.71457533095145, 0.007337116024261395
643.3994516583599, 0.009305357989568518
1170.33021329968, 0.016677496209659953
2128.806303194303, 0.026116427432216906
3872.2543646400386, 0.04678362573099415
7043.550106918887, 0.058029689608636977
12812.071066847091, 0.09774436090225562
23304.89064892103, 0.14692982456140352
42391.11111111111, 0.23684210526315788
32848.0, 0.25
18058.48, 0.056140350877192984
9927.81, 0.08869395711500976
