0.49039713055954093, 0.0010095445499626937
0.8531167160162296, 0.0026792594717301
1.484119881198918, 0.0030321426067664403
2.581841124922921, 0.008293034356540972
4.491485949880498, 0.010856159855229464
7.813589241892716, 0.0060502581450059345
13.59286826727042, 0.013207238046696186
23.646759768320067, 0.0122187409185689
41.13695774474885, 0.015162941429589488
71.56368606410021, 0.020858260272840805
124.49537943128126, 0.02271442141168315
216.57771353275447, 0.023515998652249112
376.76824805347053, 0.02844511127690271
655.44284509132, 0.03827573527059913
1140.23760070258, 0.04792503031375947
1983.6081754387515, 0.09158129310427132
3450.7732346688167, 0.13173338709591884
6003.118995248545, 0.13136299261079737
10443.293494066009, 0.09331389496316868
18167.61904761905, 0.0
14305.455, 0.2495915029950878
8223.205, 0.0
4726.945, 0.17235612160019506
