0.49039713055954093, 6.14649737456755e-05
0.8531167160162296, 0.000158052789631737
1.484119881198918, 0.0002195177633774125
2.581841124922921, 0.0005970883163865621
4.491485949880498, 0.0007287989744130095
7.813589241892716, 0.0005268426321057899
13.59286826727042, 0.0011590537906327378
23.646759768320067, 0.0013083258697293785
41.13695774474885, 0.0018641533715626714
71.56368606410021, 0.0025344787860834073
124.49537943128126, 0.003927301914918014
216.57771353275447, 0.005482456140350878
376.76824805347053, 0.007208615598401946
655.44284509132, 0.012401693889897156
1140.23760070258, 0.01541733120680489
1983.6081754387515, 0.02585410895660203
3450.7732346688167, 0.04306220095693781
6003.118995248545, 0.039473684210526314
10443.293494066009, 0.04678362573099415
18167.61904761905, 0.12719298245614036
14305.455, 0.11403508771929824
8223.205, 0.006578947368421052
4726.945, 0.046052631578947366
