0.49039713055954093, 0.0002288002288002288
0.8683591820285603, 0.0003146003146003146
1.5376265928655524, 0.0004862004862004861
2.72271611565635, 0.0008437008437008437
4.8211855081404655, 0.0034034034034034033
8.537000817031702, 0.0015444015444015444
15.116693358291863, 0.003432003432003432
26.76752913420469, 0.0033462033462033467
47.39797249095348, 0.0038324038324038323
83.92884472039002, 0.00528285274047986
148.61502730826302, 0.006908665105386416
263.1565633414466, 0.008212560386473432
465.97829360847106, 0.013793103448275862
825.1201009663894, 0.01861471861471862
1461.0620073020682, 0.0250965250965251
2587.1411770012187, 0.053061224489795916
4581.119375005029, 0.09090909090909091
8111.909359493212, 0.14285714285714285
14363.972660407115, 0.0
25434.666666666682, 0.0
19899.32, 0.2785714285714286
11237.939999999999, 0.0
6346.514999999999, 0.1732142857142857
