0.49039713055954093, 0.0010054967959534436
0.9708755089350524, 0.0012478498795982307
1.9221141297755873, 0.0012478498795982307
3.8053516582527283, 0.0013616614491670708
7.533736430446745, 0.002008557545913962
14.915095817846487, 0.0030104906491310894
29.5285195214017, 0.0016290762119886364
58.45979642199143, 0.0031626164225953468
115.73718740703234, 0.0034290220504447173
229.13347922387814, 0.002651614663174647
453.63251412526813, 0.0029142965295276993
898.0898756857312, 0.0036372179019183905
1778.0150225000903, 0.005941361590620313
3520.067986316154, 0.008198460875275745
6968.939222383453, 0.011607673833731827
13796.924966810124, 0.0157805909120915
27314.793896951996, 0.02847087259754574
54077.119896482654, 0.053708486405815735
107060.47819108293, 0.07401974649434766
211955.55555555553, 0.13986269874972393
159508.02, 0.1246918331213114
80568.8, 0.0561677564687092
40695.955, 0.04362030409390313
