0.49039713055954093, 0.0022109135524195837
0.9522659120279375, 0.0022109135524195837
1.849134733263494, 0.0031361075731440695
3.5906979537677057, 0.005073100128389354
6.972510744220806, 0.013397365844771263
13.539402841517788, 0.013713974660397104
26.291164837120082, 0.01766208653976902
51.05286817916496, 0.018989191389272443
99.1357882188341, 0.011129316292263347
192.50445383948806, 0.013037229789665872
373.8101589129161, 0.01731780736041961
725.8742959942687, 0.018332357009619573
1409.521600797164, 0.02185739704975279
2737.045731027627, 0.02635014844856953
5314.866639503601, 0.03203403565492039
10320.546374321128, 0.04786076218907533
20040.705569700083, 0.08081459046783146
38915.563688635295, 0.13619900905670063
75567.25445305236, 0.0714682429514459
146738.4615384616, 0.1590789817951435
111152.855, 0.0
57241.405, 0.09251309890706154
29478.135, 0.12052793919661997
