0.49039713055954093, 0.0001668335001668335
0.9606754544053134, 0.0001668335001668335
1.881938680277011, 0.0001668335001668335
3.6866698114142937, 0.0003248862897985705
7.222092005884539, 0.0005707461847812725
14.147893792922044, 0.000842948211369264
27.715362614144222, 0.0012029573433082203
54.29368753233014, 0.002230300475914511
106.35994725733542, 0.0018439492123702651
208.35642032689296, 0.002572748186783274
408.1649061596614, 0.0031171522399592575
799.5846269529242, 0.005766936232268329
1566.3658634320677, 0.009681611435997401
3068.470722699044, 0.01588315448816215
6011.055779414678, 0.02564745196324144
11775.504754189746, 0.04336312479311486
23067.913076236244, 0.07523616734143049
45189.45257981054, 0.13360323886639675
88524.9835004204, 0.17105263157894737
173418.1818181818, 0.24561403508771926
