0.49039713055954093, 0.0004986485033981589
0.8920221752287865, 0.0005742477279645419
1.6225697735873812, 0.0011117919176260062
2.951420652165021, 0.0008944264670457717
5.368572746654265, 0.0013841252125977226
9.765322105128186, 0.0029513246913780845
17.76291769098876, 0.0028424693940266974
32.31037763016009, 0.0026815548175019074
58.77190452406122, 0.0025830814812835313
106.9048712745811, 0.002863366900767271
194.45773613744063, 0.004631024032797714
353.71457533095145, 0.006217802007529044
643.3994516583599, 0.009231068577982575
1170.33021329968, 0.01593673133129491
2128.806303194303, 0.021335464504879276
3872.2543646400386, 0.03666648012860951
7043.550106918887, 0.06647023134156411
12812.071066847091, 0.11402820216618872
23304.89064892103, 0.15815341870265606
42391.11111111111, 0.2496534994869773
32848.0, 0.25
18058.48, 0.09369143805486799
9927.81, 0.09211944361068511
