0.49039713055954093, 0.0001144001144001144
0.9918169061039493, 0.000286000286000286
2.005926857914548, 0.0004576004576004576
4.056940887516203, 0.0005148005148005148
8.205069541723987, 0.0005148005148005148
16.594564242158384, 0.000715000715000715
33.56212412177325, 0.0003146003146003146
67.87862333279362, 0.0008580008580008581
137.28295291555088, 0.0012727012727012726
277.65161159519494, 0.002945802945802946
561.5439920558159, 0.0027885027885027882
1135.709795460231, 0.0034320034320034316
2296.9469137800193, 0.004089804089804089
4645.522250325879, 0.00541871921182266
9395.461797050346, 0.007520690896005758
19002.10517205895, 0.01331338818249813
38431.320223487965, 0.028730158730158734
77726.46034461664, 0.010714285714285714
157199.97654441642, 0.008571428571428572
317933.3333333334, 0.0
237566.65500000003, 0.01020408163265306
117463.22, 0.02298136645962733
58078.89, 0.025255102040816324
