0.49039713055954093, 0.001331921202783433
0.9606754544053134, 0.001331921202783433
1.881938680277011, 0.001331921202783433
3.6866698114142937, 0.002060400790159787
7.222092005884539, 0.0023342986774701952
14.147893792922044, 0.0029604930925136875
27.715362614144222, 0.002612242937255204
54.29368753233014, 0.0043167530484727835
106.35994725733542, 0.0035689456939971445
208.35642032689296, 0.003540238317395483
408.1649061596614, 0.003484659022098052
799.5846269529242, 0.004831653756898295
1566.3658634320677, 0.00774720406951385
3068.470722699044, 0.011398750277489905
6011.055779414678, 0.015404645008909132
11775.504754189746, 0.023567332024266884
23067.913076236244, 0.036519936662450035
45189.45257981054, 0.06914271771902562
88524.9835004204, 0.09738422504901102
173418.1818181818, 0.18232113763882915
