541.692922355634, 0.0
969.163410306498, 0.0
1733.967118847203, 0.0
3102.3065225836576, 0.0
5550.454593662459, 4.841249732793272e-08
9930.529421268018, 1.7670561524695446e-06
17767.0878884892, 2.217292377619319e-05
31787.77270033936, 0.00017885997137804746
56872.7131643836, 0.0008978218660708443
101753.13423716914, 0.0020547179164752257
182050.40257462772, 0.0028774224300835193
325713.299408889, 0.005794190091580849
582746.0522551484, 0.009614973520663555
1042613.1264374534, 0.011057584352145811
1865378.7995868407, 0.016806829504819973
3337420.1587483985, 0.014902471519887425
5971105.3425112385, 0.042736722043543805
10683131.67519707, 0.07548021505896388
19113597.205706, 0.1917071715877123
34196863.73333335, 0.2955045583149953
