5416.92922355634, 0.0
15484.18188051322, 0.0
44261.21860078624, 8.181576433138666e-08
126519.79207839485, 2.4961245917830333e-05
361654.2493313989, 0.0031616735212285914
1033781.3073421292, 0.013916786245630117
1504298.660916148, 0.018531682394988265
2188968.2519527376, 0.024302083177473916
3185259.7709146757, 0.030541436949356335
4635005.463946981, 0.038136748110938916
6744591.397846733, 0.044826960377689885
9814338.618960576, 0.05002883550842802
14281256.913261248, 0.05594030179416149
20781257.60084821, 0.06479793138806536
30239681.989881, 0.07277367869641782
44003033.13750431, 0.08511635411392436
64030664.27577595, 0.12154581187817186
93173712.70260717, 0.17182457417851188
135580988.21836343, 0.23512442136079595
197289598.4615381, 0.281754258214881
166435293.34, 0.29944098932752766
114377350.46000001, 0.2015975271765379
78602188.49000001, 0.14986397135702767
