541.692922355634, 2.728586938064752e-06
1072.196297175304, 2.728586938064752e-06
2122.2446375655045, 2.728586938064752e-06
4200.650863597558, 2.728586938064752e-06
8314.530457753719, 2.728586938064752e-06
16457.310778194093, 2.728586938064752e-06
32574.669059933272, 4.726016092948597e-06
64476.455398177306, 2.1310805070306638e-05
127621.04483899438, 0.0001492049318509034
252605.86961883566, 0.0014839055068956403
499993.7545284155, 0.005666148666070859
989659.325591463, 0.00649896476378349
1958875.6296644602, 0.009152106772710205
3877287.50012037, 0.013004492948657574
7674483.3265217375, 0.017951393189840452
15190437.72927125, 0.0239812691458041
30067092.283520307, 0.03023687332952522
59513099.91835875, 0.04557087379173197
117796860.05200493, 0.08287169273298912
233160434.545455, 0.1679029066522292
