541.692922355634, 0.0
952.1515094160371, 0.0
1673.6281008449982, 0.0
2941.79129291717, 2.420624866396636e-08
5170.883547374645, 2.420624866396636e-08
9089.03249692996, 3.2557404453034763e-06
15976.09208820645, 5.3035890822750306e-05
28081.703800384104, 0.00022820440927954287
49360.13663282764, 0.0010327232898751288
86761.93957925313, 0.0019817204217921036
152504.32176777298, 0.0027426826291177125
268061.87448822183, 0.004013142876748941
471181.1948749898, 0.007975483887146886
828210.7212287583, 0.007950936618073974
1455773.2910801899, 0.0162126776084651
2558860.71104975, 0.028063260222958426
4497793.838280658, 0.03407029939566878
7905920.52326919, 0.08067532383785135
13896497.164516982, 0.1034548077930662
24426331.238095243, 0.1573827775493918
