541.692922355634, 0.0
969.163410306498, 0.0
1733.967118847203, 0.0
3102.3065225836576, 0.0
5550.454593662459, 9.844773882753242e-06
9930.529421268018, 0.0002792320887632371
17767.0878884892, 0.0009223475991992666
31787.77270033936, 0.003098181408874626
56872.7131643836, 0.007131602544492093
101753.13423716914, 0.011422511392934653
182050.40257462772, 0.014434493536075624
325713.299408889, 0.01970029760687543
582746.0522551484, 0.025438287364973493
1042613.1264374534, 0.028514278630367686
1865378.7995868407, 0.03305702483396325
3337420.1587483985, 0.04446502845597438
5971105.3425112385, 0.05964353844260693
10683131.67519707, 0.08296247933742824
19113597.205706, 0.1647748490852802
34196863.73333335, 0.24582378886624703
