5416.92922355634, 0.0
15264.179809885305, 2.420624866396636e-08
43012.41084252951, 3.0257810829957953e-07
121203.20315464468, 6.409814646218293e-05
341534.36571429635, 0.0016325299255195516
962398.0218991179, 0.009784318000039637
1393286.8796023119, 0.0129444895959391
2017095.0944404956, 0.015923446508465333
2920197.3258926026, 0.016713591344210646
4227640.256353741, 0.019902720239949812
6120456.990583534, 0.020057401758995938
8860733.530314943, 0.026897855477084124
12827898.115457905, 0.02629518089097805
18571258.18055373, 0.034035329068337554
26886059.376569398, 0.046238610576207165
38923598.05526444, 0.058753992362194904
56350633.774472564, 0.07968789043922651
81580174.63535234, 0.12774768456943875
118105590.79371867, 0.19741917152322686
170984318.6666664, 0.23895082178640809
144544954.73, 0.22794396214704296
99842882.715, 0.1567939448165792
68965404.205, 0.10689844578558817
