541.692922355634, 0.0
1106.9528312855766, 0.0
2262.064945140059, 0.0
4622.543681548616, 0.0
9446.196553168384, 0.0
19303.36097791002, 0.0
39446.53733872584, 0.0
80609.24259750146, 0.0
164725.4849353713, 3.858790317640226e-06
336617.54549265833, 9.837958897655897e-06
687880.0325156666, 7.150051782088096e-05
1405687.0934675434, 0.0008433258389851571
2872530.254316157, 0.00352739368218915
5870033.309907578, 0.0030661279351848424
11995449.310812399, 0.0041963725934435515
24512774.727429084, 0.005177795475494311
50092006.49917069, 0.005924224076977339
102363324.55277783, 0.005656284412717193
209180085.72227636, 0.02786207663888046
427460796.66666585, 0.09686556243072049
