5416.92922355634, 0.0
15745.024135712743, 0.0
45765.003529328074, 1.0892811898784863e-07
133022.0601751148, 5.870015301011843e-06
386646.2827188954, 0.0009512571599965504
1123838.765867402, 0.007774701638142463
1645131.044231825, 0.009791048050184215
2408224.5913686706, 0.012369695337688561
3525278.854111493, 0.012773436437802533
5160478.4054557895, 0.015478412397620194
7554164.783905429, 0.015558445405584667
11058161.879345518, 0.018057621988858442
16187486.98867955, 0.019576293413741723
23696048.029293176, 0.02673946612959503
34687452.88254102, 0.03975843191020261
50777217.61835888, 0.04943036176335453
74330214.95677218, 0.0756934200662588
108808263.1278786, 0.11305795744651449
159278943.7214859, 0.17158368195777815
233160434.54545406, 0.2141763193319308
196219689.135, 0.21861775445554132
134043603.425, 0.14419993712668974
91569239.04499999, 0.0967311924165115
