5416.92922355634, 0.0
15745.024135712743, 0.0
45765.003529328074, 3.7188983786993936e-08
133022.0601751148, 4.23210635495991e-06
386646.2827188954, 0.001753081257922137
1123838.765867402, 0.011304108167255035
1645131.044231825, 0.01508226860512849
2408224.5913686706, 0.019724454583316176
3525278.854111493, 0.024973405635350724
5160478.4054557895, 0.03087629375496342
7554164.783905429, 0.03572251218313499
11058161.879345518, 0.04144184942416673
16187486.98867955, 0.04401030190691589
23696048.029293176, 0.051381993692686735
34687452.88254102, 0.06420120895170879
50777217.61835888, 0.07304228617284501
74330214.95677218, 0.1069889956383793
108808263.1278786, 0.1447731139891368
159278943.7214859, 0.22664823937644427
233160434.54545406, 0.24024827306073823
196219689.135, 0.2824997708972653
134043603.425, 0.18823625569351254
91569239.04499999, 0.1294554289917746
