541.692922355634, 0.0
1106.9528312855766, 0.0
2262.064945140059, 0.0
4622.543681548616, 0.0
9446.196553168384, 0.0
19303.36097791002, 0.0
39446.53733872584, 0.0
80609.24259750146, 0.0
164725.4849353713, 6.028631714087108e-06
336617.54549265833, 2.5813047483123097e-05
687880.0325156666, 0.0001439126241983235
1405687.0934675434, 0.0011059371913347369
2872530.254316157, 0.0037282396819732257
5870033.309907578, 0.005472148301029221
11995449.310812399, 0.005534477117545431
24512774.727429084, 0.005443616101022997
50092006.49917069, 0.007758894074655417
102363324.55277783, 0.010934741201813045
209180085.72227636, 0.03150399807945756
427460796.66666585, 0.10622775347704534
