541.692922355634, 0.0
952.1515094160371, 0.0
1673.6281008449982, 0.0
2941.79129291717, 7.437796757398787e-09
5170.883547374645, 7.437796757398787e-09
9089.03249692996, 1.7181310509591199e-06
15976.09208820645, 6.421793720338112e-05
28081.703800384104, 0.0003991493629858059
49360.13663282764, 0.0012754482635522588
86761.93957925313, 0.002338652049654461
152504.32176777298, 0.003686607980983942
268061.87448822183, 0.005479208941421656
471181.1948749898, 0.01100683840703011
828210.7212287583, 0.014322199610381212
1455773.2910801899, 0.028974790915006248
2558860.71104975, 0.045279864470252555
4497793.838280658, 0.06112280829741431
7905920.52326919, 0.10808447822780984
13896497.164516982, 0.1551880004656358
24426331.238095243, 0.20588781644041224
