541.692922355634, 0.0
995.573342581776, 0.0
1829.7567488037562, 0.0
3362.89614897748, 0.0
6180.64150669269, 2.420624866396636e-08
11359.354479580838, 2.420624866396636e-08
20877.272052269676, 3.6067310509309886e-06
38370.18108097317, 0.00010376008489809181
70520.26684811119, 0.0004115062272874282
129608.66736161565, 0.0021902964383421365
238206.79367868646, 0.003448682874268572
437798.47219912783, 0.0071763109399891134
804626.5150540917, 0.009259364876146118
1478817.0124851847, 0.015752772921061378
2717906.6504769493, 0.021671226096436957
4995220.164726659, 0.030942374192924334
9180677.522428194, 0.05749466599949031
16873098.080038358, 0.08349541059380731
31010939.892298225, 0.15971029913186469
56994772.88888889, 0.3476108142093681
