5416.92922355634, 0.0
15745.024135712743, 0.0
45765.003529328074, 8.185706748599572e-06
133022.0601751148, 0.00016190020642259883
386646.2827188954, 0.003998236208131224
1123838.765867402, 0.00674298767750635
1645131.044231825, 0.00814102243630406
2408224.5913686706, 0.010099277296948974
3525278.854111493, 0.012418862453030479
5160478.4054557895, 0.015194021476190929
7554164.783905429, 0.017786712199961703
11058161.879345518, 0.021745149313858732
16187486.98867955, 0.023137219645796396
23696048.029293176, 0.02605690537061083
34687452.88254102, 0.029738839660211566
50777217.61835888, 0.02675348314104923
74330214.95677218, 0.026999331768891167
108808263.1278786, 0.022815531142043464
159278943.7214859, 0.07490802408358255
233160434.54545406, 0.14954439132995162
196219689.135, 0.12002104772015981
134043603.425, 0.05257009906362822
91569239.04499999, 0.02547998738291013
