5416.92922355634, 0.0
15264.179809885305, 3.858790317640226e-06
43012.41084252951, 2.3312943116161586e-05
121203.20315464468, 0.0007689570237722331
341534.36571429635, 0.006791127820940876
962398.0218991179, 0.009763626335276982
1393286.8796023119, 0.011773191921849632
2017095.0944404956, 0.014426058962636755
2920197.3258926026, 0.017693836139877732
4227640.256353741, 0.0213460957434119
6120456.990583534, 0.025210987906126567
8860733.530314943, 0.02971257289181423
12827898.115457905, 0.033429232216798596
18571258.18055373, 0.037682918568413305
26886059.376569398, 0.04079291429277481
38923598.05526444, 0.03881298472315304
56350633.774472564, 0.03556177699154099
81580174.63535234, 0.03427225857161681
118105590.79371867, 0.03498237698055526
170984318.6666664, 0.10327228686585764
144544954.73, 0.09232130564754852
99842882.715, 0.03209272225536382
68965404.205, 0.03606470509419002
