5416.92922355634, 0.0
15484.18188051322, 0.0
44261.21860078624, 4.934671776040125e-05
126519.79207839485, 0.0006761862556700129
361654.2493313989, 0.008314713136394505
1033781.3073421292, 0.0207946623981064
1504298.660916148, 0.023774196789978285
2188968.2519527376, 0.026863692544343266
3185259.7709146757, 0.023307120690886855
4635005.463946981, 0.023696936469837004
6744591.397846733, 0.02511636409902504
9814338.618960576, 0.022672063720351476
14281256.913261248, 0.024385239822639276
20781257.60084821, 0.030041657010824233
30239681.989881, 0.034540559094187885
44003033.13750431, 0.03493575061928438
64030664.27577595, 0.04892912211523986
93173712.70260717, 0.0703351251441785
135580988.21836343, 0.11197596869314178
197289598.4615381, 0.1543722899790591
166435293.34, 0.15630562152910574
114377350.46000001, 0.08193400367663518
78602188.49000001, 0.0607891001090828
