541.692922355634, 0.0
995.573342581776, 0.0
1829.7567488037562, 0.0
3362.89614897748, 0.0
6180.64150669269, 2.728586938064752e-06
11359.354479580838, 2.728586938064752e-06
20877.272052269676, 7.725005495225026e-05
38370.18108097317, 0.000756322578739525
70520.26684811119, 0.003024254196688195
129608.66736161565, 0.004066377676690764
238206.79367868646, 0.005442190389740173
437798.47219912783, 0.007812014080387031
804626.5150540917, 0.010702660465966426
1478817.0124851847, 0.017650469276123144
2717906.6504769493, 0.024537986356595265
4995220.164726659, 0.037399940419711855
9180677.522428194, 0.054786627846083645
16873098.080038358, 0.06519596139387158
31010939.892298225, 0.10030334309299041
56994772.88888889, 0.21397885649546414
