541.692922355634, 0.0
1106.9528312855766, 0.0
2262.064945140059, 0.0
4622.543681548616, 0.0
9446.196553168384, 0.0
19303.36097791002, 0.0
39446.53733872584, 0.0
80609.24259750146, 0.0
164725.4849353713, 1.4875593514797574e-08
336617.54549265833, 5.206457730179151e-08
687880.0325156666, 1.599126302840739e-06
1405687.0934675434, 0.00021098798061713138
2872530.254316157, 0.0021364699295790147
5870033.309907578, 0.0062120896893862266
11995449.310812399, 0.00819301953683124
24512774.727429084, 0.010099715417251808
50092006.49917069, 0.013709331867715002
102363324.55277783, 0.025486674919801965
209180085.72227636, 0.051778704095861536
427460796.66666585, 0.03103908616491929
