541.692922355634, 0.0
952.1515094160371, 0.0
1673.6281008449982, 0.0
2941.79129291717, 2.728586938064752e-06
5170.883547374645, 2.728586938064752e-06
9089.03249692996, 5.6092650066092994e-05
15976.09208820645, 0.0004655925113911163
28081.703800384104, 0.0018068300702947303
49360.13663282764, 0.002844850407846403
86761.93957925313, 0.003887137256647464
152504.32176777298, 0.0053863634090161785
268061.87448822183, 0.00696248445506997
471181.1948749898, 0.012462724710445733
828210.7212287583, 0.015182295834347447
1455773.2910801899, 0.02474063210948002
2558860.71104975, 0.046945045417930674
4497793.838280658, 0.05253724868103426
7905920.52326919, 0.08507837013045867
13896497.164516982, 0.16686074947320612
24426331.238095243, 0.24607745784936347
