5416.92922355634, 0.0
16064.172102610853, 0.0
47639.098591153546, 1.4875593514797574e-08
141276.10810449373, 7.809686595268729e-07
418961.3009356764, 0.0006511716683135065
1242450.5037460811, 0.008340388269502645
1831842.3361129914, 0.011185862509361667
2700828.9942000723, 0.014629921232382687
3982044.2579081343, 0.018616253538708452
5871040.5234803045, 0.023437519349893125
8656136.043665009, 0.02614906175432403
12762421.057523105, 0.030356352433753418
18816639.483007252, 0.03412977774895699
27742849.090906173, 0.04038096125878386
40903460.81062228, 0.04541179177469512
60307184.05322458, 0.05988517357905139
88915616.829298, 0.08777049602599635
131095275.63344802, 0.11910493895960114
193284058.59685692, 0.17167844378561928
284973864.4444438, 0.2070890578057159
239128961.51999998, 0.23815291183383733
162189667.115, 0.15087591548214357
110005446.22999999, 0.10199802352451648
