541.692922355634, 0.0
995.573342581776, 0.0
1829.7567488037562, 0.0
3362.89614897748, 0.0
6180.64150669269, 4.922386941376621e-06
11359.354479580838, 4.922386941376621e-06
20877.272052269676, 0.0004915171401152465
38370.18108097317, 0.001477489972799163
70520.26684811119, 0.004970270484793916
129608.66736161565, 0.011569330504493502
238206.79367868646, 0.01603819923831821
437798.47219912783, 0.022817769275625486
804626.5150540917, 0.025881532944367357
1478817.0124851847, 0.030520023249340136
2717906.6504769493, 0.039962862773826574
4995220.164726659, 0.04383987845001481
9180677.522428194, 0.06689041336727564
16873098.080038358, 0.07995959256933093
31010939.892298225, 0.12008411691050766
56994772.88888889, 0.23015674865053212
