541.692922355634, 0.0
969.163410306498, 0.0
1733.967118847203, 0.0
3102.3065225836576, 0.0
5550.454593662459, 5.457173876129504e-06
9930.529421268018, 4.226495922977425e-05
17767.0878884892, 0.00024548862337945985
31787.77270033936, 0.001450108745265613
56872.7131643836, 0.0034081299777609353
101753.13423716914, 0.004038809178006066
182050.40257462772, 0.0051768102685728805
325713.299408889, 0.007451533554393464
582746.0522551484, 0.012659689203019056
1042613.1264374534, 0.016973730958129766
1865378.7995868407, 0.023020728404669098
3337420.1587483985, 0.03517961228853203
5971105.3425112385, 0.054010589112121324
10683131.67519707, 0.08299997854036714
19113597.205706, 0.15476842716009978
34196863.73333335, 0.23866855163764505
