541.692922355634, 0.0
995.573342581776, 0.0
1829.7567488037562, 0.0
3362.89614897748, 0.0
6180.64150669269, 7.437796757398787e-09
11359.354479580838, 7.437796757398787e-09
20877.272052269676, 1.8743247828644942e-06
38370.18108097317, 0.0001244194641577669
70520.26684811119, 0.0009120300761889967
129608.66736161565, 0.0028366165414951705
238206.79367868646, 0.004851333847492075
437798.47219912783, 0.009361056307972704
804626.5150540917, 0.013578163193768294
1478817.0124851847, 0.025956231038544726
2717906.6504769493, 0.038075530705484126
4995220.164726659, 0.05994011130677723
9180677.522428194, 0.09072011038084017
16873098.080038358, 0.12509858494120993
31010939.892298225, 0.20681475372075225
56994772.88888889, 0.3792789579664594
