541.692922355634, 0.0
1072.196297175304, 0.0
2122.2446375655045, 0.0
4200.650863597558, 0.0
8314.530457753719, 0.0
16457.310778194093, 0.0
32574.669059933272, 0.0
64476.455398177306, 6.694017081658908e-08
127621.04483899438, 2.744547003480152e-06
252605.86961883566, 0.0002753472359589031
499993.7545284155, 0.002895749973761312
989659.325591463, 0.009121665360585203
1958875.6296644602, 0.015013048820618408
3877287.50012037, 0.021978730376939395
7674483.3265217375, 0.026951195375884973
15190437.72927125, 0.02816659945569244
30067092.283520307, 0.022397303495213332
59513099.91835875, 0.009373683611886058
117796860.05200493, 0.0030873141481464967
233160434.545455, 4.4582153763848335e-05
