5416.92922355634, 0.0
15484.18188051322, 0.0
44261.21860078624, 1.8303802778483633e-05
126519.79207839485, 0.00046922599345771776
361654.2493313989, 0.005742794888258519
1033781.3073421292, 0.00837786497624059
1504298.660916148, 0.010036776765419633
2188968.2519527376, 0.012548332440631058
3185259.7709146757, 0.015314666670864965
4635005.463946981, 0.018865300925981383
6744591.397846733, 0.02247627158424709
9814338.618960576, 0.02514850833252976
14281256.913261248, 0.02940976487487228
20781257.60084821, 0.0331621206674504
30239681.989881, 0.03622507052065693
44003033.13750431, 0.03318098649748821
64030664.27577595, 0.034874026168715926
93173712.70260717, 0.03247009116113712
135580988.21836343, 0.06637050857133914
197289598.4615381, 0.12055133366914343
166435293.34, 0.1023669634000923
114377350.46000001, 0.030297207378972704
78602188.49000001, 0.03219464182936017
