5416.92922355634, 0.0
15264.179809885305, 4.922386941376621e-06
43012.41084252951, 5.917104598253857e-05
121203.20315464468, 0.0010162251867345971
341534.36571429635, 0.010397998731717399
962398.0218991179, 0.023039475814354216
1393286.8796023119, 0.026614942091995046
2017095.0944404956, 0.028369447857013515
2920197.3258926026, 0.027675655740517016
4227640.256353741, 0.028646154321319686
6120456.990583534, 0.02659692224237173
8860733.530314943, 0.030634184569617813
12827898.115457905, 0.0254574795378476
18571258.18055373, 0.03287033254635873
26886059.376569398, 0.04160750731174994
38923598.05526444, 0.044279429149348834
56350633.774472564, 0.05004048527091617
81580174.63535234, 0.07051106188904198
118105590.79371867, 0.10188456014475132
170984318.6666664, 0.15017582593880727
144544954.73, 0.15499313157810715
99842882.715, 0.08230703391673981
68965404.205, 0.06199942604108505
