541.692922355634, 0.0
952.1515094160371, 0.0
1673.6281008449982, 0.0
2941.79129291717, 4.922386941376621e-06
5170.883547374645, 4.922386941376621e-06
9089.03249692996, 0.0004207486137984083
15976.09208820645, 0.0012915388399251414
28081.703800384104, 0.003851647661626086
49360.13663282764, 0.007816813932028292
86761.93957925313, 0.011054649037016676
152504.32176777298, 0.013259347916388954
268061.87448822183, 0.016539944985589885
471181.1948749898, 0.023298097759508894
828210.7212287583, 0.023153107528346643
1455773.2910801899, 0.02883899349507408
2558860.71104975, 0.05523795569059103
4497793.838280658, 0.05575880131339933
7905920.52326919, 0.09184035545180477
13896497.164516982, 0.15421426223122744
24426331.238095243, 0.23221121873314943
