541.692922355634, 7.437796757398787e-09
1072.196297175304, 7.437796757398787e-09
2122.2446375655045, 7.437796757398787e-09
4200.650863597558, 7.437796757398787e-09
8314.530457753719, 7.437796757398787e-09
16457.310778194093, 7.437796757398787e-09
32574.669059933272, 2.231339027219636e-08
64476.455398177306, 9.669135784618423e-08
127621.04483899438, 3.7486495657289884e-06
252605.86961883566, 0.00034799963468517447
499993.7545284155, 0.00329772569951493
989659.325591463, 0.01027597119462496
1958875.6296644602, 0.017175829879283993
3877287.50012037, 0.026223908201206108
7674483.3265217375, 0.035158904981245104
15190437.72927125, 0.04401623060591877
30067092.283520307, 0.04958113415347984
59513099.91835875, 0.04592247620713326
117796860.05200493, 0.06490294712804241
233160434.545455, 0.0647741542393913
