5416.92922355634, 0.0
16064.172102610853, 0.0
47639.098591153546, 6.028631714087108e-06
141276.10810449373, 0.00010710545181425013
418961.3009356764, 0.002882471369614093
1242450.5037460811, 0.013184344941812793
1831842.3361129914, 0.015325415914874001
2700828.9942000723, 0.016465811962563675
3982044.2579081343, 0.014766168848486595
5871040.5234803045, 0.015763157838691956
8656136.043665009, 0.014760393009186969
12762421.057523105, 0.014654155225151313
18816639.483007252, 0.015642021997298083
27742849.090906173, 0.018888296479182835
40903460.81062228, 0.022190764978562424
60307184.05322458, 0.024849447095866534
88915616.829298, 0.03489781624632196
131095275.63344802, 0.05600381579081617
193284058.59685692, 0.0920411458674521
284973864.4444438, 0.16497322067822756
239128961.51999998, 0.16094646167295995
162189667.115, 0.07552145065359135
110005446.22999999, 0.04060346363808088
