0.3484468257605132, 0.0013719834090593949
0.6455139113829497, 0.0031142350719399786
1.1958444703276006, 0.007455898013034698
2.215357364102923, 0.017670266652683165
4.104052301500849, 0.033330083467722246
7.602947301585739, 0.06832207126947878
14.084812625207205, 0.02790539903544003
26.09276887212148, 0.015939201928454955
48.33806494489562, 0.014544614465274743
89.54850802029773, 0.014502189063471834
165.8927658317054, 0.019977687585414294
307.32404552240035, 0.025577781560190322
569.3320530448561, 0.029281541767779456
1054.7140431959635, 0.033782298833110826
1953.9066999045829, 0.042592965509970576
3619.7028157163654, 0.07926427805630265
6705.667407120722, 0.1428271287501815
12422.559990196902, 0.17553946647669671
23013.36874330643, 0.0
42633.33333333332, 0.11797279312057328
32823.35, 0.2125240827937038
17717.965, 0.09670891222634015
9564.115, 0.18179841443801056
