0.3484468257605132, 0.0
0.7177305993213555, 0.0
1.4783811334135815, 0.0
3.0451687272352777, 0.0
6.272437037883626, 0.003003003003003003
12.919962707595001, 0.037037037037037035
26.612532793468667, 0.008008008008008008
54.81648188249911, 0.005005005005005005
112.91096226330673, 0.002002002002002002
232.57394421177048, 0.001001001001001001
479.05569523073535, 0.0
986.7586840425978, 0.001001001001001001
2032.525049231495, 0.003003003003003003
4186.594090896448, 0.004410143329658214
8623.544437278297, 0.009195402298850575
17762.772565751646, 0.01932367149758454
36587.75014351306, 0.042105263157894736
75363.42964528005, 0.0
155233.55510030148, 0.0
319749.99999999994, 0.0
