0.3484468257605132, 0.0
0.7025763087984194, 0.0
1.4166106079671148, 1.1846165692319538e-05
2.8563240597125494, 0.000746308438616131
5.7592305805196755, 0.001717694025386333
11.612385774928839, 0.005715774946544177
23.41415255049607, 0.004685158531312377
47.21015562895908, 0.006065236834467603
95.19023973657836, 0.00720246874093028
191.93289283607155, 0.004430465968927507
386.9959299857421, 0.006248852402698557
780.3031966669906, 0.008552931629854706
1573.3319953808214, 0.014179772656493304
3172.322730782567, 0.02076923076923077
6396.3813980684245, 0.029785702862625944
12897.078406478233, 0.04363905325443788
26004.489268428588, 0.08571428571428573
52433.07366202751, 0.09689349112426035
105721.25394461688, 0.03550295857988165
213166.66666666657, 0.0
159443.96000000002, 0.004437869822485207
79077.16, 0.014201183431952666
39218.78, 0.1323292092522862
