0.3484468257605132, 0.0
0.7025763087984194, 0.0
1.4166106079671148, 0.001001001001001001
2.8563240597125494, 0.02902902902902903
5.7592305805196755, 0.07707707707707707
11.612385774928839, 0.1931931931931932
23.41415255049607, 0.01001001001001001
47.21015562895908, 0.004004004004004004
95.19023973657836, 0.003003003003003003
191.93289283607155, 0.002002002002002002
386.9959299857421, 0.004004004004004004
780.3031966669906, 0.009009009009009009
1573.3319953808214, 0.013157894736842105
3172.322730782567, 0.013333333333333334
6396.3813980684245, 0.02702702702702703
12897.078406478233, 0.05555555555555555
26004.489268428588, 0.11428571428571428
52433.07366202751, 0.0
105721.25394461688, 0.0
213166.66666666657, 0.0
