0.3484468257605132, 0.0
0.6951950157334545, 1.1846165692319538e-05
1.3870010405341058, 0.00030800030800030804
2.7672406201201643, 0.001078001078001078
5.520991279641893, 0.003435388050772666
11.015068399999931, 0.010329856483702639
21.976439684676873, 0.00614815999431384
43.84574690559738, 0.007830315522623216
87.4777511413796, 0.006088929165852242
174.52905891258143, 0.00566246720092874
348.2073099442384, 0.007397930474853553
694.7171517113037, 0.01094577975803388
1386.0476420186435, 0.018021610496526886
2765.33847079075, 0.02737329560072035
5517.1962537291065, 0.03714947260097762
11007.496848462912, 0.05034776289837019
21961.333491993355, 0.10460693153000843
43815.60816107775, 0.134274010013655
87417.62057504497, 0.016765285996055226
174409.09090909082, 0.0
130913.355, 0.0
65616.61499999999, 0.08086785009861933
32888.47, 0.15844838921762
