0.3484468257605132, 0.0
0.6839388142613885, 0.00011087208015547852
1.3424495993967613, 0.0013905241951690328
2.6349885243269284, 0.0030613358153898235
5.172011319050308, 0.00769677206570611
10.151733427840014, 0.017674624171683077
19.92603751858146, 0.009432912908772137
39.11124873541873, 0.008980918272582674
76.76838790538882, 0.006199497427208106
150.6826187386664, 0.006334949425533001
295.7630374878367, 0.006996831909327766
580.5299581084629, 0.008514796093114455
1139.47650498847, 0.011212992004968945
2236.5886329989376, 0.017619221741843282
4390.0235690341615, 0.025248461434384212
8616.831299385663, 0.03469501491078237
16913.299091560002, 0.055784210595580676
33197.78190167866, 0.10274438912098485
65161.3098795958, 0.13579002897305306
127900.00000000001, 0.24987941229678806
96530.655, 0.19098809998491428
49179.545, 0.12885345520975602
25055.54, 0.07668123916877534
