0.3484468257605132, 0.0003790773021542252
0.6173598857904737, 0.0010306164152318
1.0938059996711775, 0.002541002541002541
1.937948338487796, 0.0020671559133097596
3.433555643118285, 0.008683239452470222
6.083394546827163, 0.002612079535156458
10.778240709900613, 0.010549010549010548
19.09632392019491, 0.00488654334808181
33.833869281656725, 0.004685158531312378
59.94508238088948, 0.007331730769230769
106.20756590792357, 0.010391909390417807
188.17301783677271, 0.0183344506951934
333.39512434072975, 0.019140725495240547
590.6920673961215, 0.028753698224852072
1046.5573519548861, 0.04552925706771861
1854.2356523577976, 0.08579881656804733
3285.237878318356, 0.10220548682087142
5820.612878095546, 0.1952662721893491
10312.657874867184, 0.0
18271.42857142857, 0.0
14292.045, 0.16863905325443787
8066.635, 0.0
4552.924999999999, 0.22485207100591717
