0.3484468257605132, 0.0
0.6891094309310718, 0.00010824828901384859
1.362824318349578, 0.0035080355108177523
2.6952034601754966, 0.008409592941542187
5.3301967054264505, 0.02415244359046385
10.541318063122784, 0.0628327512861672
20.847145546203325, 0.019825631561419813
41.22857073680187, 0.02042107690378177
81.53610484621206, 0.012177247570492017
161.25071218047725, 0.01356263107500612
318.89912116545094, 0.010418286856394477
630.6741105507467, 0.016513270034915182
1247.2591089789041, 0.02258131681686755
2466.654741182174, 0.0287509052567613
4878.204992367303, 0.03672126588807831
9647.432026158793, 0.03496449898474964
19079.34267727188, 0.06474698837841879
37732.457301563125, 0.10128786072539828
74621.98033217863, 0.04280578779923216
147576.92307692306, 0.07864852874704885
111099.45000000001, 0.027035010181208678
56177.22, 0.10142040315357743
28405.9, 0.09742980216144065
