0.3484468257605132, 4.549994798131495e-05
0.6951950157334545, 6.427985923509772e-05
1.3870010405341058, 0.00044972031211398046
2.7672406201201643, 0.00175296065612812
5.520991279641894, 0.0041111276653871195
11.015068399999931, 0.011234727791382905
21.976439684676873, 0.006892293554173747
43.84574690559738, 0.007539096926706742
87.4777511413796, 0.006184551986119521
174.52905891258143, 0.005254696167485606
348.2073099442384, 0.00514643554147287
694.7171517113037, 0.005885629034276504
1386.0476420186435, 0.008221427672348802
2765.33847079075, 0.012482960931362221
5517.1962537291065, 0.018784721138358162
11007.496848462912, 0.025154086222880824
21961.333491993355, 0.0423806694897537
43815.60816107775, 0.0740126971751774
87417.62057504497, 0.10102704112019184
174409.09090909082, 0.17157220522431255
