0.3484468257605132, 0.0
0.7025763087984194, 0.0
1.4166106079671148, 0.00010824828901384859
2.8563240597125494, 0.0038191255543419604
5.7592305805196755, 0.009559914430575784
11.612385774928839, 0.027649224800328328
23.41415255049607, 0.012104144061367176
47.21015562895908, 0.014680465685662232
95.19023973657836, 0.015996857490945697
191.93289283607155, 0.007989226634138851
386.9959299857421, 0.009290260564879683
780.3031966669906, 0.010609793964803467
1573.3319953808214, 0.01477273623185007
3172.322730782567, 0.01881429366958374
6396.3813980684245, 0.023387782390456417
12897.078406478233, 0.02511460409010145
26004.489268428588, 0.04514865622895414
52433.07366202751, 0.10036712440723082
105721.25394461688, 0.08191209836264171
213166.66666666657, 0.0
159443.96000000002, 0.033011706515416274
79077.16, 0.04391473447403426
39218.78, 0.07397965515369527
