0.3484468257605132, 0.0
0.6839388142613885, 1.2434795043490696e-05
1.3424495993967613, 0.0001575074038842155
2.6349885243269284, 0.00041863809979752006
5.172011319050308, 0.001303581013725941
10.151733427840014, 0.005071323911903622
19.92603751858146, 0.0041594389420476375
39.11124873541873, 0.005166657340570383
76.76838790538882, 0.0037781052273805895
150.6826187386664, 0.0049552658248310415
295.7630374878367, 0.006345890403861418
580.5299581084629, 0.009602233515276993
1139.47650498847, 0.015423198264813174
2236.5886329989376, 0.026164444928746988
4390.0235690341615, 0.042335974869708
8616.831299385663, 0.06220591003199698
16913.299091560002, 0.10455486542443063
33197.78190167866, 0.18087709392057214
65161.3098795958, 0.2053830227743271
127900.00000000001, 0.2422360248447205
96530.655, 0.18909592822636304
49179.545, 0.22301094350783787
25055.54, 0.13857832988267768
