0.3484468257605132, 0.0
0.6891094309310718, 1.1846165692319538e-05
1.362824318349578, 0.0006989237758468527
2.6952034601754966, 0.0014630014630014631
5.3301967054264505, 0.004732543194081656
10.541318063122784, 0.017159171005324853
20.847145546203325, 0.006959622344237729
41.22857073680187, 0.008256777487546718
81.53610484621206, 0.0054788516326977855
161.25071218047725, 0.006811545273083735
318.89912116545094, 0.006965545427083889
630.6741105507467, 0.013072251635004667
1247.2591089789041, 0.02117233727810651
2466.654741182174, 0.03138534740437992
4878.204992367303, 0.04492211085617679
9647.432026158793, 0.05603188020770438
19079.34267727188, 0.1205621301775148
37732.457301563125, 0.17406311637080865
74621.98033217863, 0.011834319526627219
147576.92307692306, 0.019723865877712028
111099.45000000001, 0.0029585798816568047
56177.22, 0.04585798816568047
28405.9, 0.17751479289940827
