0.3484468257605132, 0.0
0.6951950157334545, 0.001001001001001001
1.3870010405341058, 0.013013013013013013
2.7672406201201643, 0.05005005005005005
5.520991279641893, 0.12712712712712712
11.015068399999931, 0.2912912912912913
21.976439684676873, 0.01001001001001001
43.84574690559738, 0.008008008008008008
87.4777511413796, 0.003003003003003003
174.52905891258143, 0.004004004004004004
348.2073099442384, 0.01001001001001001
694.7171517113037, 0.011969532100108813
1386.0476420186435, 0.017391304347826087
2765.33847079075, 0.017391304347826087
5517.1962537291065, 0.034782608695652174
11007.496848462912, 0.07017543859649122
21961.333491993355, 0.14285714285714285
43815.60816107775, 0.0
87417.62057504497, 0.0
174409.09090909082, 0.0
