0.3484468257605132, 0.0
0.6283901315937439, 0.003773445421307819
1.133240793979277, 0.008412908847121555
2.043690109966659, 0.0189256298419573
3.6855973485648397, 0.03265476741843082
6.646618168529366, 0.04583849438019416
11.986532683888337, 0.01974962425139419
21.616551776993898, 0.014966032886325933
38.98335932921993, 0.013318962865295395
70.30271619030702, 0.015771686888625153
126.78414556311037, 0.02139369670431553
228.64293781559738, 0.025771034740285345
412.3354129237274, 0.02971666224102505
743.6070161419289, 0.03704614506058366
1341.0232959005784, 0.051435062277161485
2418.405745387438, 0.08117746795283487
4361.360736388418, 0.12858387386987472
7865.292045881743, 0.1644431112196821
14184.293092489848, 0.05067152890992162
25580.000000000007, 0.09252364361604669
19882.145, 0.24999562336423203
11024.79, 0.0
6113.325, 0.22956416127525617
