0.3484468257605132, 0.0
0.6891094309310718, 4.549994798131495e-05
1.362824318349578, 0.0009551796983591987
2.6952034601754966, 0.002436735147587486
5.3301967054264505, 0.005364256660586311
10.541318063122784, 0.01535125461246289
20.847145546203325, 0.008959696728410179
41.22857073680187, 0.00858795435913783
81.53610484621206, 0.0061299090397519
161.25071218047725, 0.006241699428542991
318.89912116545094, 0.005235819882910968
630.6741105507467, 0.007217448675479214
1247.2591089789041, 0.00983098930071721
2466.654741182174, 0.015078493434302377
4878.204992367303, 0.022412678175702486
9647.432026158793, 0.030679988948166162
19079.34267727188, 0.04917426410320064
37732.457301563125, 0.09197761242253101
74621.98033217863, 0.10963748952856484
147576.92307692306, 0.16394064509175282
111099.45000000001, 0.12295112593602892
56177.22, 0.09471271845784125
28405.9, 0.0718411304813598
