0.3484468257605132, 0.0
0.7177305993213555, 0.0
1.4783811334135815, 0.0
3.0451687272352777, 0.0
6.272437037883626, 3.553849707695861e-05
12.919962707595001, 0.0008647700955393262
26.612532793468667, 0.0010306164152318
54.81648188249911, 0.0020020020020020024
112.91096226330673, 0.00360123437046514
232.57394421177048, 0.004341619726235111
479.05569523073535, 0.004169850323696477
986.7586840425978, 0.0039447731755424065
2032.525049231495, 0.0055558517096978635
4186.594090896448, 0.0071958403736878855
8623.544437278297, 0.008841732979664013
17762.772565751646, 0.015378898322042134
36587.75014351306, 0.03226409218312053
75363.42964528005, 0.006783085582335113
155233.55510030148, 0.002761341222879684
319749.99999999994, 0.0039447731755424065
237491.78, 0.00253592561284869
115298.495, 0.013560157790927022
55975.59, 0.025473874235282315
