0.3484468257605132, 0.0
0.6951950157334545, 0.0
1.3870010405341058, 0.0003456609605124725
2.7672406201201643, 0.0016965028656039023
5.520991279641894, 0.003976892928901767
11.015068399999931, 0.011082627300825312
21.976439684676873, 0.006702024489422573
43.84574690559738, 0.00733417697678587
87.4777511413796, 0.005954659979342286
174.52905891258143, 0.005093297210736852
348.2073099442384, 0.0050548457256383615
694.7171517113037, 0.005902452654311104
1386.0476420186435, 0.00825698777525349
2765.33847079075, 0.012530930433694408
5517.1962537291065, 0.018954977332419697
11007.496848462912, 0.02585144875189109
21961.333491993355, 0.04440486774011356
43815.60816107775, 0.08371648047556908
87417.62057504497, 0.09370801585802922
174409.09090909082, 0.09290405658867984
