0.3484468257605132, 0.00043186926148114515
0.6455139113829497, 0.0007583072930754749
1.1958444703276006, 0.001724079836078794
2.215357364102923, 0.00429807131254556
4.104052301500849, 0.006887982941409768
7.602947301585739, 0.010059389683093058
14.084812625207205, 0.006053685846178649
26.09276887212148, 0.004945571399486918
48.33806494489562, 0.004924007000987298
89.54850802029773, 0.005414098750660731
165.8927658317054, 0.007624246830279839
307.32404552240035, 0.009552762702226042
569.3320530448561, 0.013632618863780185
1054.7140431959635, 0.016866738177121976
1953.9066999045829, 0.029269721437258242
3619.7028157163654, 0.044907374263587076
6705.667407120722, 0.07396893941545024
12422.559990196902, 0.1122331093861365
23013.36874330643, 0.157881919036926
42633.33333333332, 0.24934276136355438
32823.35, 0.24954897181481348
17717.965, 0.10777347149801964
9564.115, 0.09426317094434324
