0.3484468257605132, 0.015015015015015015
0.6173598857904737, 0.02902902902902903
1.0938059996711775, 0.04904904904904905
1.937948338487796, 0.031031031031031032
3.433555643118285, 0.16416416416416416
6.083394546827163, 0.026026026026026026
10.778240709900613, 0.2072072072072072
19.09632392019491, 0.05305305305305305
33.833869281656725, 0.03403403403403404
59.94508238088948, 0.0390625
106.20756590792357, 0.030470914127423823
188.17301783677271, 0.029556650246305417
333.39512434072975, 0.043478260869565216
590.6920673961215, 0.0625
1046.5573519548861, 0.1388888888888889
1854.2356523577976, 0.2
3285.237878318356, 0.36363636363636365
5820.612878095546, 0.3333333333333333
10312.657874867184, 0.0
18271.42857142857, 0.0
