0.3484468257605132, 0.0
0.6951950157334545, 0.00010824828901384859
1.3870010405341058, 0.0015855286272406252
2.7672406201201643, 0.006087390583214715
5.520991279641893, 0.017418613474104824
11.015068399999931, 0.04559111717797362
21.976439684676873, 0.016376341858086032
43.84574690559738, 0.018508018006715508
87.4777511413796, 0.013479817475548037
174.52905891258143, 0.011088571108945431
348.2073099442384, 0.010911816956094365
694.7171517113037, 0.013593280080941196
1386.0476420186435, 0.019264034700635545
2765.33847079075, 0.024976823074102407
5517.1962537291065, 0.029442680202712363
11007.496848462912, 0.029354509805403838
21961.333491993355, 0.058610429217071255
43815.60816107775, 0.10112271467957622
87417.62057504497, 0.050131222986740956
174409.09090909082, 0.0
130913.355, 0.0
65616.61499999999, 0.13003797833084668
32888.47, 0.09058435781714273
