0.3484468257605132, 0.0
0.7177305993213555, 0.0
1.4783811334135815, 0.0
3.0451687272352777, 0.0
6.272437037883626, 7.864454914960623e-05
12.919962707595001, 0.0013058343965897095
26.612532793468667, 0.001080945415925026
54.81648188249911, 0.0018993988311837202
112.91096226330673, 0.002574304582305469
232.57394421177048, 0.0031368809006134747
479.05569523073535, 0.002774860726533906
986.7586840425978, 0.0021531952645229935
2032.525049231495, 0.002300901940577442
4186.594090896448, 0.0028528513691225867
8623.544437278297, 0.0040852364693902314
17762.772565751646, 0.0062275144107060585
36587.75014351306, 0.012066185757624494
75363.42964528005, 0.020028824456110823
155233.55510030148, 0.03492036214046876
319749.99999999994, 0.08865432059364971
237491.78, 0.059325395276573406
115298.495, 0.023747869784832003
55975.59, 0.018009999023381844
