0.3484468257605132, 0.0002724618109233494
0.6455139113829497, 0.0006219236988467758
1.1958444703276006, 0.00154000154000154
2.215357364102923, 0.005295236064466834
4.104052301500849, 0.010146240915471685
7.602947301585739, 0.019777173623327468
14.084812625207205, 0.008878701186393494
26.09276887212148, 0.005621005621005622
48.33806494489562, 0.005668390283774899
89.54850802029773, 0.0067286221132374984
165.8927658317054, 0.011148420384513011
307.32404552240035, 0.01615839781520255
569.3320530448561, 0.02116793462947309
1054.7140431959635, 0.02774490466798159
1953.9066999045829, 0.05047699553194058
3619.7028157163654, 0.08989531178880293
6705.667407120722, 0.17455621301775148
12422.559990196902, 0.22569737954353336
23013.36874330643, 0.0
42633.33333333332, 0.029585798816568046
32823.35, 0.3816568047337278
17717.965, 0.1254437869822485
9564.115, 0.21952662721893487
