0.3484468257605132, 0.0
0.6283901315937439, 0.026026026026026026
1.133240793979277, 0.05005005005005005
2.043690109966659, 0.1011011011011011
3.6855973485648397, 0.17717717717717718
6.646618168529366, 0.25725725725725723
11.986532683888337, 0.08808808808808809
21.616551776993898, 0.024024024024024024
38.98335932921993, 0.035035035035035036
70.30271619030702, 0.03080872913992298
126.78414556311037, 0.032407407407407406
228.64293781559738, 0.029288702928870293
412.3354129237274, 0.03787878787878788
743.6070161419289, 0.0684931506849315
1341.0232959005784, 0.125
2418.405745387438, 0.18181818181818182
4361.360736388418, 0.3333333333333333
7865.292045881743, 0.3333333333333333
14184.293092489848, 0.0
25580.000000000007, 0.0
