0.3484468257605132, 0.0
0.6951950157334545, 2.0724658405817827e-06
1.3870010405341058, 5.388411185512634e-05
2.7672406201201643, 0.00018859439149294222
5.520991279641893, 0.0006072324912904623
11.015068399999931, 0.001888016380770004
21.976439684676873, 0.002586437369046064
43.84574690559738, 0.004030946059931567
87.4777511413796, 0.0037490907056124444
174.52905891258143, 0.003877583587728515
348.2073099442384, 0.0047086423898018105
694.7171517113037, 0.006747364697878015
1386.0476420186435, 0.011189125933927447
2765.33847079075, 0.018894589972094696
5517.1962537291065, 0.03139796561346656
11007.496848462912, 0.04500381388253241
21961.333491993355, 0.07697426796805677
43815.60816107775, 0.13887561713648672
87417.62057504497, 0.14803312629399587
174409.09090909082, 0.08488612836438923
130913.355, 0.08850931677018634
65616.61499999999, 0.1479181044398436
32888.47, 0.11329652634000462
