0.3484468257605132, 4.7666714333381e-05
0.6455139113829497, 0.00010984068955083447
1.1958444703276006, 0.0002777104226379589
2.215357364102923, 0.00110462429303009
4.104052301500849, 0.00202272666040782
7.602947301585739, 0.0039521923579894595
14.084812625207205, 0.002961553686191367
26.09276887212148, 0.0030154377980464936
48.33806494489562, 0.00333667000333667
89.54850802029773, 0.004242337575670909
165.8927658317054, 0.0063974438880411485
307.32404552240035, 0.00886553060466104
569.3320530448561, 0.012693483190377601
1054.7140431959635, 0.018541522889348978
1953.9066999045829, 0.04254869649723243
3619.7028157163654, 0.05207835642618251
6705.667407120722, 0.08222419402543624
12422.559990196902, 0.11387163561076602
23013.36874330643, 0.16459627329192547
42633.33333333332, 0.2318840579710145
32823.35, 0.2349896480331263
17717.965, 0.09358178053830227
9564.115, 0.0958592132505176
