0.3484468257605132, 0.0
0.6839388142613885, 0.006006006006006006
1.3424495993967613, 0.03903903903903904
2.6349885243269284, 0.09309309309309309
5.172011319050308, 0.21921921921921922
10.151733427840014, 0.45345345345345345
19.92603751858146, 0.018018018018018018
39.11124873541873, 0.007007007007007007
76.76838790538882, 0.004004004004004004
150.6826187386664, 0.009009009009009009
295.7630374878367, 0.014014014014014014
580.5299581084629, 0.013636363636363636
1139.47650498847, 0.023809523809523808
2236.5886329989376, 0.029239766081871343
4390.0235690341615, 0.04597701149425287
8616.831299385663, 0.09090909090909091
16913.299091560002, 0.18181818181818182
33197.78190167866, 0.09090909090909091
65161.3098795958, 0.0
127900.00000000001, 0.0
