0.3484468257605132, 0.0
0.6891094309310718, 2.0724658405817827e-06
1.362824318349578, 0.00012227548459432518
2.6952034601754966, 0.00025698576423214105
5.3301967054264505, 0.0008476385287979492
10.541318063122784, 0.003498322338902049
20.847145546203325, 0.0034610179537715767
41.22857073680187, 0.004733511979888792
81.53610484621206, 0.0037262935813660455
161.25071218047725, 0.004949048427309297
318.89912116545094, 0.0047791062283815905
630.6741105507467, 0.008246158875449494
1247.2591089789041, 0.013457556935817806
2466.654741182174, 0.0227423107297603
4878.204992367303, 0.037224827819326484
9647.432026158793, 0.05412599822537711
19079.34267727188, 0.09247757073844032
37732.457301563125, 0.1576949620427881
74621.98033217863, 0.15355417529330573
147576.92307692306, 0.13664596273291926
111099.45000000001, 0.09730848861283643
56177.22, 0.15087991718426502
28405.9, 0.12978778467908902
