0.3484468257605132, 0.0
0.6283901315937439, 0.00013471027963781588
1.133240793979277, 0.00038547864634821163
2.043690109966659, 0.0010237981252474006
3.6855973485648397, 0.0019108135050164032
6.646618168529366, 0.002491103940379303
11.986532683888337, 0.001856929393161277
21.616551776993898, 0.0026755534001910814
38.98335932921993, 0.0028185535431912243
70.30271619030702, 0.004084973834373846
126.78414556311037, 0.005894870025304806
228.64293781559738, 0.008887964863951764
412.3354129237274, 0.01137147876278311
743.6070161419289, 0.01755580135568224
1341.0232959005784, 0.023291925465838508
2418.405745387438, 0.03303218520609825
4361.360736388418, 0.05831608005521049
7865.292045881743, 0.06901311249137335
14184.293092489848, 0.08212560386473429
25580.000000000007, 0.20186335403726707
19882.145, 0.12008281573498965
11024.79, 0.013457556935817806
6113.325, 0.05822981366459627
