0.3484468257605132, 0.0
0.6891094309310718, 0.001001001001001001
1.362824318349578, 0.026026026026026026
2.6952034601754966, 0.06906906906906907
5.3301967054264505, 0.17417417417417416
10.541318063122784, 0.3813813813813814
20.847145546203325, 0.011011011011011011
41.22857073680187, 0.006006006006006006
81.53610484621206, 0.004004004004004004
161.25071218047725, 0.01001001001001001
318.89912116545094, 0.011011011011011011
630.6741105507467, 0.014473684210526316
1247.2591089789041, 0.018229166666666668
2466.654741182174, 0.02577319587628866
4878.204992367303, 0.04081632653061224
9647.432026158793, 0.08163265306122448
19079.34267727188, 0.16666666666666666
37732.457301563125, 0.0
74621.98033217863, 0.0
147576.92307692306, 0.0
