0.3484468257605132, 0.0
0.7177305993213555, 0.0
1.4783811334135815, 0.0
3.0451687272352777, 0.0
6.272437037883626, 6.217397521745348e-06
12.919962707595001, 0.00015129000636247012
26.612532793468667, 0.00018652192565236044
54.81648188249911, 0.00039169604386995695
112.91096226330673, 0.0010735373054213636
232.57394421177048, 0.0019025236416540764
479.05569523073535, 0.002031016523770147
986.7586840425978, 0.001983349809436766
2032.525049231495, 0.0028910898476115867
4186.594090896448, 0.004499167962089203
8623.544437278297, 0.007067894624116513
17762.772565751646, 0.011312149308368588
36587.75014351306, 0.021335948567069846
75363.42964528005, 0.03125789021865374
155233.55510030148, 0.03188405797101449
319749.99999999994, 0.02553485162180814
237491.78, 0.031647441585329776
115298.495, 0.028381642512077292
55975.59, 0.03126644909990526
