0.3484468257605132, 0.0
0.6283901315937439, 0.0007522315214622907
1.133240793979277, 0.0020612328304636
2.043690109966659, 0.005431466969928508
3.6855973485648397, 0.009530240299471068
6.646618168529366, 0.012740551202089662
11.986532683888337, 0.006071159917313764
21.616551776993898, 0.004821389436774052
38.98335932921993, 0.0050405435020819634
70.30271619030702, 0.007193260970292668
126.78414556311037, 0.011231645847030462
228.64293781559738, 0.01611745190760318
412.3354129237274, 0.020575578267885957
743.6070161419289, 0.0326659641728135
1341.0232959005784, 0.045857988165680486
2418.405745387438, 0.057557826788596014
4361.360736388418, 0.14299802761341224
7865.292045881743, 0.1755424063116371
14184.293092489848, 0.007889546351084813
25580.000000000007, 0.01775147928994083
19882.145, 0.2514792899408284
11024.79, 0.0
6113.325, 0.18269230769230768
