0.3484468257605132, 0.0
0.6839388142613885, 0.0006494897340830915
1.3424495993967613, 0.004869480206636314
2.6349885243269284, 0.012185372221378565
5.172011319050308, 0.03259744523082048
10.151733427840014, 0.07939809198660656
19.92603751858146, 0.022589303922186003
39.11124873541873, 0.02325056359040676
76.76838790538882, 0.012393037096545727
150.6826187386664, 0.012678720977683357
295.7630374878367, 0.014270401770686548
580.5299581084629, 0.018417493493983653
1139.47650498847, 0.02531740866802618
2236.5886329989376, 0.03331150579280119
4390.0235690341615, 0.0406090277297627
8616.831299385663, 0.040737726394936
16913.299091560002, 0.07207373523160507
33197.78190167866, 0.1380882504482931
65161.3098795958, 0.08104565050065766
127900.00000000001, 0.18319320213506177
96530.655, 0.0
49179.545, 0.14511266676417403
25055.54, 0.1116196555981216
