0.3484468257605132, 0.0
0.7025763087984194, 0.0
1.4166106079671148, 2.0724658405817827e-06
2.8563240597125494, 0.00013056534795665228
5.7592305805196755, 0.00030258001272494024
11.612385774928839, 0.0010258705910879823
23.41415255049607, 0.0016621176041465894
47.21015562895908, 0.002812336145669479
95.19023973657836, 0.0037408008422501176
191.93289283607155, 0.002758452033814352
386.9959299857421, 0.003749090705612444
780.3031966669906, 0.004878584588729515
1573.3319953808214, 0.00833946278740329
3172.322730782567, 0.01412008281573499
6396.3813980684245, 0.02382351295394774
12897.078406478233, 0.035397975615366915
26004.489268428588, 0.059568175096125414
52433.07366202751, 0.1105072463768116
105721.25394461688, 0.10322389825495414
213166.66666666657, 0.05383022774327122
159443.96000000002, 0.09782608695652174
79077.16, 0.10082815734989649
39218.78, 0.09147374364765667
