0.026959097465485273, 0.0
0.05403142566247358, 3.395964623751376e-05
0.10828978836761877, 0.00011481594680302272
0.217034403977391, 0.00028784843001321194
0.4349803727560572, 0.0006112736322752479
0.8717877037721115, 0.0012079931304487038
1.747236997459828, 0.0023771752366259636
3.501812553771073, 0.004854612285953158
7.018333047878712, 0.009731864336064659
14.066143751155963, 0.016370166612492947
28.19136662201945, 0.012223855519493645
56.50113962128385, 0.01456670288706525
113.23958931491936, 0.01935889805288666
226.9547954990476, 0.02521836751458065
454.86282237185986, 0.032241138864725294
911.6361111521989, 0.04261601025012534
1827.101179259001, 0.055619663051003916
3661.876354404634, 0.06912070159243017
7339.13293208321, 0.05735056542810985
14709.090909090914, 0.013731825525040387
