0.026959097465485273, 0.0
0.05017014812769175, 0.0
0.0933652829578961, 0.00021992913753818437
0.17375025562255716, 0.00033636221035251735
0.3233445063570154, 0.000713152570987789
0.6017353437360268, 0.001499075812484536
1.1198131305231567, 0.0024855226793837454
2.083941819847926, 0.0047381792131388255
3.8781591232835435, 0.008911981448330398
7.217148790941254, 0.014625287646289262
13.430917869735023, 0.01931633381458681
24.994573348686796, 0.024882838093999608
46.51422210619246, 0.03106819688664357
86.56170393314112, 0.04162106762554936
161.08897985442678, 0.05495961227786753
299.7822160546083, 0.07449981359512861
557.8865614756832, 0.10604661897069005
1038.2117377451978, 0.14885760443111007
1932.0838443226874, 0.1684168012924071
3595.555555555557, 0.23909531502423265
2763.8199999999997, 0.22536348949919224
1485.145, 0.1877221324717286
798.05, 0.1137318255250404
