0.026959097465485273, 0.0002149622194693221
0.047981982064253664, 0.0005322482293077191
0.08539865274651243, 0.0006145036286883661
0.1519930935982032, 0.0009393567498687847
0.27051832503874734, 0.0017732448521362556
0.4814703250611017, 0.00444623260787424
0.8569241062735378, 0.006969144464480832
1.5251592584018787, 0.007406452314409184
2.714488653615322, 0.008864528133551387
4.831265069542489, 0.014950545498493662
8.59871789889203, 0.021201276860712905
15.304055654252878, 0.029061868334312856
27.23826065960934, 0.03301491015109873
48.478838585159444, 0.04047704748042786
86.28296130710613, 0.04741186052741274
153.56699189164556, 0.0581933140703259
273.31955975306204, 0.07792317948235859
486.455981349933, 0.11752264258854091
865.7976106976195, 0.1755949083725311
1540.9523809523803, 0.22150447283280117
1203.375, 0.22192529624959034
676.13, 0.15306147438010614
379.89, 0.0907016885595709
