0.026959097465485273, 5.336515837323593e-05
0.05403142566247358, 0.00010996456876909219
0.10828978836761877, 0.000244186027707837
0.217034403977391, 0.00045764666120078073
0.4349803727560572, 0.0008166486357116407
0.8717877037721115, 0.001452179158156541
1.747236997459828, 0.002677960674729657
3.501812553771073, 0.005157014850068162
7.018333047878712, 0.010166871233107099
14.066143751155963, 0.017029954025107496
28.19136662201945, 0.012985521870820742
56.50113962128385, 0.01556855572149508
113.23958931491936, 0.021348524785307372
226.9547954990476, 0.029174995208236357
454.86282237185986, 0.039959681316708774
911.6361111521989, 0.057796223051640574
1827.101179259001, 0.08406415878144471
3661.876354404634, 0.12635587352873295
7339.13293208321, 0.1303177167474421
14709.090909090914, 0.09369951534733441
