0.026959097465485273, 0.0
0.05403142566247358, 0.00023119812543608573
0.10828978836761877, 0.0005906341065077037
0.217034403977391, 0.0011415512320818197
0.4349803727560572, 0.0020758721025280883
0.8717877037721113, 0.0036958557947762653
1.747236997459828, 0.0065135671769837415
3.501812553771073, 0.01348855886044846
7.018333047878712, 0.026487523067065578
14.066143751155963, 0.035089512592718926
28.19136662201945, 0.01807270352782479
56.50113962128385, 0.015377033274452574
113.23958931491936, 0.01845222786290751
226.9547954990476, 0.0203378455327189
454.86282237185986, 0.023116134088762605
911.6361111521989, 0.029240312306149003
1827.101179259001, 0.04162139435632455
3661.876354404634, 0.062076979719883525
7339.132932083209, 0.10218368623218287
14709.090909090914, 0.22021940193013836
11024.11, 0.12025507847461345
5500.505, 0.08729175642996104
2744.49, 0.05466136642363955
