0.026959097465485273, 0.0
0.05578291938989264, 0.0
0.11542426817674797, 0.0
0.23883227751166788, 5.659941039585628e-05
0.4941842619618283, 0.0001164330728143329
1.02255058367823, 0.00033151083231858675
2.115829613897039, 0.0006193592623317987
4.3780083122542175, 0.001245187028708838
9.058837562474793, 0.0022866161799925937
18.74426271727442, 0.0036644075416288665
38.7850408389726, 0.0025340364597230512
80.25279071096514, 0.0037258583300586526
166.05655885828855, 0.00478022448943289
343.5990262216341, 0.006399633910432859
710.9643342736442, 0.00896498764823924
1471.1051139100696, 0.012908685283483346
3043.9645870328504, 0.01916959512349483
6298.476104459043, 0.030194630356181244
13032.609317282257, 0.026063543349488422
26966.66666666668, 0.012116316639741519
19999.64, 0.02354027232864066
9665.545, 0.02396338179859989
4671.219999999999, 0.025309639203015617
