0.026959097465485273, 0.00023119812543608573
0.053558446404249595, 0.00040158158973011547
0.10640219632386873, 0.0007864388224465116
0.21138453675618202, 0.0014475707803361293
0.41994830861966004, 0.002490764657225187
0.8342927284029711, 0.004397595122862238
1.657452458741699, 0.008298754779830322
3.2927874826951724, 0.01672029877319913
6.541635236056993, 0.031955916264857914
12.995977355512794, 0.0384159734402514
25.81853333766805, 0.01926186535948685
51.292538104147326, 0.019314865239888488
101.90061653606823, 0.023187288485756567
202.4414473182648, 0.025497233706385635
402.181468429171, 0.028486364877630073
798.9961329092437, 0.03624453140581744
1587.330273812345, 0.04809291536036904
3153.478839737229, 0.07571761445119683
6264.8769173831515, 0.11184020726766024
12446.153846153853, 0.23413456075168537
9355.515, 0.12467710101179152
4709.18, 0.09529491381723738
2370.4049999999997, 0.06431245431451617
