0.026959097465485273, 5.659941039585628e-05
0.053558446404249595, 0.0001164330728143329
0.10640219632386873, 0.0002635915398435592
0.21138453675618202, 0.0005207145756418776
0.41994830861966004, 0.000937933086559904
0.8342927284029711, 0.0017141535719887903
1.657452458741699, 0.0032989370630727662
3.2927874826951724, 0.00631002569613232
6.541635236056993, 0.01217695886516565
12.995977355512794, 0.019880947183047344
25.81853333766805, 0.015427382147899111
51.292538104147326, 0.01925489778011038
101.90061653606823, 0.025982767905223483
202.4414473182648, 0.03489986280351678
402.181468429171, 0.04733441033925686
798.9961329092437, 0.06591276252019386
1587.330273812345, 0.09150242326332796
3153.478839737229, 0.13301023155627356
6264.8769173831515, 0.1591276252019386
12446.153846153853, 0.16235864297253635
9355.515, 0.10298869143780291
4709.18, 0.15024232633279483
2370.4049999999997, 0.11722536348949919
