0.026959097465485273, 0.0003873268857605572
0.047981982064253664, 0.0011432465693909297
0.08539865274651243, 0.0014748345628331865
0.1519930935982032, 0.0026105983283608468
0.27051832503874734, 0.004781805518622374
0.4814703250611017, 0.012959746563719893
0.8569241062735378, 0.020277417722645585
1.5251592584018787, 0.026936153698787105
2.714488653615322, 0.04254551521538261
4.831265069542489, 0.07451047436293304
8.59871789889203, 0.0944077807562787
15.304055654252878, 0.07431688491562206
27.23826065960934, 0.04238158102782932
48.478838585159444, 0.046659779106055524
86.28296130710613, 0.05434419130842601
153.56699189164556, 0.05557346650053755
273.31955975306204, 0.050723869405403035
486.455981349933, 0.1257078722109418
865.7976106976195, 0.027125679146074895
1540.9523809523803, 0.09397103572673635
1203.375, 0.0
676.13, 0.11897712198383163
379.89, 0.06541003151063468
