0.026959097465485273, 0.00023119812543608573
0.05315657961306958, 0.00040158158973011547
0.10481144481109364, 0.0009814929145578986
0.20666188538376057, 0.001701279587603977
0.4074854129465268, 0.0030520382126547263
0.8034590483671701, 0.005198340543513748
1.5842197582856588, 0.009901737969460022
3.123684085259997, 0.01997890685362501
6.15912168338654, 0.037359710365783075
12.14424342390078, 0.0428560987618462
23.945402594784472, 0.020810427895914797
47.21432907856998, 0.022473724499126584
93.09481690756947, 0.02674779634624307
183.55963336112652, 0.029409444501762538
361.9335653576171, 0.033097857870758356
713.6422280532746, 0.04114955112646935
1407.123512177243, 0.055382502038071206
2774.494698727679, 0.08456102189901252
5470.6077800925605, 0.13569889986086336
10786.666666666675, 0.2413956279025226
8128.639999999999, 0.1718912925787322
4122.549999999999, 0.11874881797542519
2090.805, 0.07086649873060717
