0.026959097465485273, 4.851378033930538e-05
0.047981982064253664, 0.00018435236528936043
0.08539865274651243, 0.00021184350748163348
0.1519930935982032, 0.00033151083231858675
0.27051832503874734, 0.0006161250103091783
0.4814703250611017, 0.0016300630194006605
0.8569241062735378, 0.002645618154503453
1.5251592584018787, 0.0035447402167919128
2.714488653615322, 0.005464268792217096
4.831265069542489, 0.009415349990702974
8.59871789889203, 0.014217337503866912
15.304055654252878, 0.021660069367348343
27.23826065960934, 0.026847567153144763
48.478838585159444, 0.03725461399128604
86.28296130710613, 0.04789765532899621
153.56699189164556, 0.06369720747749825
273.31955975306204, 0.08547510647672199
486.455981349933, 0.11093161012385566
865.7976106976195, 0.13677975228863756
1540.9523809523803, 0.13408723747980614
1203.375, 0.13489499192245558
676.13, 0.15105008077544427
379.89, 0.1098546042003231
