0.026959097465485273, 0.0
0.05578291938989264, 0.0
0.11542426817674797, 0.0
0.23883227751166788, 0.00023119812543608573
0.4941842619618283, 0.00040158158973011547
1.02255058367823, 0.0009814929145578986
2.115829613897039, 0.001701279587603977
4.3780083122542175, 0.0033055701237901273
9.058837562474793, 0.005699552769492311
18.74426271727442, 0.008901434838558875
38.7850408389726, 0.004714401888776414
80.25279071096514, 0.005204030601499664
166.05655885828855, 0.0052427035740409775
343.5990262216341, 0.004303360933347332
710.9643342736442, 0.005068381555892149
1471.1051139100696, 0.006644643653817255
3043.9645870328504, 0.010538010280515596
6298.476104459043, 0.019270444415853065
13032.609317282257, 0.032750898364508015
26966.66666666668, 0.07688532493887429
19999.64, 0.05299765679388194
9665.545, 0.023039298721223518
4671.219999999999, 0.014562000304781865
