0.026959097465485273, 0.0
0.048839266556619354, 0.003152621712774879
0.08847751527447437, 0.001530087868552321
0.1602864101177591, 0.0029483779825658354
0.29037584508038844, 0.005284462639422455
0.526046664493908, 0.009253958749421034
0.9529893684805524, 0.0
1.7264413933898815, 0.031092347956833948
3.1276318324120127, 0.030846132923735853
5.666037038135266, 0.009129122958694145
10.264627500213873, 0.1287973953676779
18.595462226774007, 0.03890817721125195
33.68765358705655, 0.037046749969087196
61.02876015458975, 0.03457934872181215
110.56007674685499, 0.04928861369541513
200.29131411661479, 0.06557006094437863
362.8489748828038, 0.0777157490752099
657.3394315883619, 0.08105875364172653
1190.8401517751913, 0.07264831572567788
2157.333333333333, 0.0
1674.085, 0.0
924.0899999999999, 0.09044089537126197
510.095, 0.06199252134194867
