0.026959097465485273, 0.0
0.05460510898658632, 5.659941039585628e-05
0.11060154855904775, 0.0001164330728143329
0.22402120919975352, 0.0002635915398435592
0.45375044766689493, 0.0005659941039585628
0.9190623936607789, 0.001052749033362927
1.861542369345649, 0.001909825819357322
3.7705165794739863, 0.0037210069520247223
7.637105397222596, 0.00737732886359704
15.468803178269889, 0.011712843699919628
31.331749311077175, 0.010081163554507657
63.461827238917714, 0.011434698025974278
128.54065301353498, 0.015598549906857025
260.3565039963665, 0.02097024640431639
527.3468555202726, 0.029036364998020734
1068.1304356083988, 0.04091167096013623
2163.476686226544, 0.05940456958227556
4382.078457655538, 0.09268982229402262
8875.811665223542, 0.07223632587122085
17977.77777777778, 0.09369951534733441
13426.794999999998, 0.08481421647819062
6628.945, 0.09757673667205169
3272.7799999999997, 0.07340029500597035
