0.026959097465485273, 0.00018351685018351684
0.047981982064253664, 0.0006606606606606607
0.08539865274651243, 0.0007440774107440774
0.1519930935982032, 0.0012812812812812813
0.27051832503874734, 0.002328995662328996
0.4814703250611017, 0.00631297964631298
0.8569241062735378, 0.010050050050050052
1.5251592584018787, 0.013410076743410078
2.714488653615322, 0.01998998998998999
4.831265069542489, 0.034733432984554065
8.59871789889203, 0.044033687943262415
15.304055654252878, 0.03723538704581359
27.23826065960934, 0.020508474576271186
48.478838585159444, 0.023939393939393937
86.28296130710613, 0.030180180180180174
153.56699189164556, 0.03349206349206349
273.31955975306204, 0.027575757575757583
486.455981349933, 0.08888888888888888
865.7976106976195, 0.0022222222222222222
1540.9523809523803, 0.018333333333333333
1203.375, 0.0
676.13, 0.08666666666666667
379.89, 0.05583333333333333
