0.026959097465485273, 0.0
0.05017014812769175, 0.0
0.0933652829578961, 0.0014977560522327045
0.17375025562255716, 0.0025040680232765143
0.3233445063570154, 0.00540867826456342
0.6017353437360268, 0.011455135584733173
1.1198131305231567, 0.01975930647002528
2.083941819847926, 0.035290003005509
3.8781591232835435, 0.06775706362102507
7.217148790941254, 0.11488151410195634
13.430917869735023, 0.10179342477805327
24.994573348686796, 0.02223461837455034
46.51422210619246, 0.03545962068810104
86.56170393314112, 0.0394905150286163
161.08897985442678, 0.03787059838743274
299.7822160546083, 0.052313191013143585
557.8865614756832, 0.07109286188737846
1038.2117377451978, 0.08924475250870571
1932.0838443226874, 0.0993695403811226
3595.555555555557, 0.08975274678557506
2763.8199999999997, 0.16440971855567285
1485.145, 0.13363133365095678
798.05, 0.09572820320516252
