0.026959097465485273, 0.00020353687020353687
0.05315657961306958, 0.0004137470804137471
0.10481144481109364, 0.0011745078411745076
0.20666188538376057, 0.002232232232232232
0.4074854129465268, 0.004280947614280947
0.8034590483671701, 0.007697697697697698
1.5842197582856588, 0.014701368034701368
3.123684085259997, 0.028792125458792128
6.15912168338654, 0.05443443443443444
12.14424342390078, 0.0720553887220554
23.945402594784472, 0.014250917584250917
47.21432907856998, 0.014545012165450124
93.09481690756947, 0.014409221902017289
183.55963336112652, 0.01691287878787879
361.9335653576171, 0.025580524344569287
713.6422280532746, 0.03933333333333333
1407.123512177243, 0.05454545454545454
2774.494698727679, 0.05393939393939393
5470.6077800925605, 0.03
10786.666666666675, 0.005
8128.639999999999, 0.017777777777777778
4122.549999999999, 0.04714285714285713
2090.805, 0.05022222222222222
