0.026959097465485273, 0.0
0.05578291938989264, 0.0
0.11542426817674797, 0.0
0.23883227751166788, 0.00020353687020353687
0.4941842619618283, 0.0004137470804137471
1.02255058367823, 0.0011745078411745076
2.115829613897039, 0.002232232232232232
4.3780083122542175, 0.004634634634634635
9.058837562474793, 0.008591925258591926
18.74426271727442, 0.011938605271938605
38.7850408389726, 0.004087420754087421
80.25279071096514, 0.0026559893226559893
166.05655885828855, 0.005215215215215215
343.5990262216341, 0.005071530758226038
710.9643342736442, 0.006472346786248132
1471.1051139100696, 0.00819047619047619
3043.9645870328504, 0.009793814432989689
6298.476104459043, 0.01238095238095238
13032.609317282257, 0.004666666666666667
26966.66666666668, 0.006666666666666667
19999.64, 0.0047619047619047615
9665.545, 0.005833333333333334
4671.219999999999, 0.011
