0.026959097465485273, 0.0
0.05403142566247358, 0.00018121915545773318
0.10828978836761877, 0.0005038950119922363
0.217034403977391, 0.0010264025039415257
0.4349803727560572, 0.0019350532824492334
0.8717877037721115, 0.0035308375399084354
1.747236997459828, 0.006333320783630422
3.501812553771073, 0.013316481376453394
7.018333047878712, 0.02632774348039412
14.066143751155963, 0.03498909051085868
28.19136662201945, 0.018004234664073266
56.50113962128385, 0.01545784379034263
113.23958931491936, 0.018674900856120807
226.9547954990476, 0.020811798086243474
454.86282237185986, 0.023891948121099425
911.6361111521989, 0.03024052055608695
1827.101179259001, 0.042841611322506606
3661.876354404634, 0.061665703324072105
7339.13293208321, 0.08778011229470586
14709.090909090914, 0.08171505204226479
