0.026959097465485273, 0.0004028813141386676
0.053558446404249595, 0.0008065084108260776
0.10640219632386873, 0.0016246362402242086
0.21138453675618202, 0.0032032657651548152
0.41994830861966004, 0.006194839458615724
0.8342927284029711, 0.012161013725905036
1.657452458741699, 0.024323403404278566
3.2927874826951724, 0.04807104054473095
6.541635236056993, 0.095057264659672
12.995977355512794, 0.12603760600047148
25.81853333766805, 0.022177529027028593
51.292538104147326, 0.020340409621349653
101.90061653606823, 0.02005758376657816
202.4414473182648, 0.022708249329144448
402.181468429171, 0.03367465251821052
798.9961329092437, 0.0490193159206994
1587.330273812345, 0.07164492693523775
3153.478839737229, 0.08858280634664333
6264.8769173831515, 0.11808136972674059
12446.153846153853, 0.06999999999999999
9355.515, 0.05273097339852125
4709.18, 0.08793937305515277
2370.4049999999997, 0.0918190022090562
