0.026959097465485273, 5.659941039585628e-05
0.05315657961306958, 0.0001164330728143329
0.10481144481109364, 0.00033151083231858675
0.20666188538376057, 0.0006193592623317987
0.4074854129465268, 0.001154627972075468
0.8034590483671701, 0.0020488986563299972
1.5842197582856588, 0.0038988908132688424
3.123684085259997, 0.007573001110965569
6.15912168338654, 0.01415955535503193
12.14424342390078, 0.022521713959516867
23.945402594784472, 0.018089171562515667
47.21432907856998, 0.022411942973715553
93.09481690756947, 0.03008012365393658
183.55963336112652, 0.04016742546629461
361.9335653576171, 0.05427383783195078
713.6422280532746, 0.07521091366002514
1407.123512177243, 0.10684388309590247
2774.494698727679, 0.1531796152151564
5470.6077800925605, 0.20161550888529886
10786.666666666675, 0.18497576736672053
8128.639999999999, 0.1717824448034464
4122.549999999999, 0.19201477036695128
2090.805, 0.1299946149703823
