0.026959097465485273, 0.0
0.05578291938989264, 0.0
0.11542426817674797, 0.0
0.23883227751166788, 0.0004028813141386676
0.4941842619618283, 0.0008065084108260776
1.02255058367823, 0.0020276853288829187
2.115829613897039, 0.003915918815883658
4.3780083122542175, 0.008468557209227005
9.058837562474793, 0.016551859201034417
18.74426271727442, 0.023406476325161428
38.7850408389726, 0.011796945320382201
80.25279071096514, 0.006735268210505993
166.05655885828855, 0.011252214510209513
343.5990262216341, 0.007877218995456198
710.9643342736442, 0.009621374386827855
1471.1051139100696, 0.01304240424116745
3043.9645870328504, 0.01985038094223681
6298.476104459043, 0.029253757244586037
13032.609317282257, 0.024804420155675064
26966.66666666668, 0.05734883511361751
19999.64, 0.025643641938735733
9665.545, 0.021799804620259364
4671.219999999999, 0.0237525827055751
