0.026959097465485273, 0.0
0.05403142566247358, 0.00020353687020353687
0.10828978836761877, 0.000677344010677344
0.217034403977391, 0.0014280947614280948
0.4349803727560572, 0.0027761094427761097
0.8717877037721113, 0.005221888555221889
1.747236997459828, 0.009856523189856524
3.501812553771073, 0.019572906239572908
7.018333047878712, 0.03864864864864864
14.066143751155963, 0.05613947280613947
28.19136662201945, 0.013486820153486819
56.50113962128385, 0.01166491780342777
113.23958931491936, 0.011375438596491226
226.9547954990476, 0.01245762711864407
454.86282237185986, 0.020113960113960116
911.6361111521989, 0.029770114942528743
1827.101179259001, 0.04214285714285714
3661.876354404634, 0.035476190476190474
7339.132932083209, 0.013333333333333334
14709.090909090914, 0.013333333333333334
11024.11, 0.005
5500.505, 0.03481481481481481
2744.49, 0.03481481481481481
