0.026959097465485273, 0.0
0.048839266556619354, 0.0017550884217550885
0.08847751527447437, 0.0008475141808475141
0.1602864101177591, 0.0014681348014681348
0.29037584508038844, 0.002719386052719386
0.526046664493908, 0.004614614614614616
0.9529893684805524, 0.0
1.7264413933898815, 0.015735735735735733
3.1276318324120127, 0.014924924924924927
5.666037038135266, 0.005190184049079755
10.264627500213873, 0.060577777777777786
18.595462226774007, 0.02088709677419355
33.68765358705655, 0.018686131386861315
61.02876015458975, 0.01862222222222222
110.56007674685499, 0.03097560975609756
200.29131411661479, 0.05043478260869565
362.8489748828038, 0.05138888888888889
657.3394315883619, 0.03238095238095238
1190.8401517751913, 0.016666666666666663
2157.333333333333, 0.0
1674.085, 0.0
924.0899999999999, 0.05733333333333334
510.095, 0.04740740740740742
