597.4244051800553, 0.00011053364364363323
1111.1364901256868, 0.00011053364364363323
2066.578280003026, 0.00011053364364363323
3843.583416918638, 0.0002869587028971446
7148.596124212782, 0.0017365213370873814
13295.51645013554, 0.0038224808985838697
24728.038149629196, 0.004751745596159266
45991.133403718464, 0.0070009636474378445
85537.89584760673, 0.007133745794930718
159090.04811445778, 0.008783467225902149
295888.07578516833, 0.011199843515489848
550315.7138330966, 0.011662149002616536
1023520.072878892, 0.011870411975134812
1903622.4357273784, 0.011494390753616923
3540505.432015526, 0.012110316065238045
6584908.05680261, 0.013825527799692528
12247125.431427347, 0.012776043635264476
22778158.789652884, 0.014878113451111988
42364595.7373176, 0.01564071138841463
78792978.33333328, 0.026108184239608066
60578787.035, 0.018403851666664937
32571377.265, 0.016249934050726153
17512642.11, 0.014848911921143203
