597.4244051800553, 0.0001307435412760262
1087.6757582049322, 0.00016552498192346038
1980.2313811236495, 0.0008721162600134687
3605.2254481229743, 0.0012604090288961382
6563.702936784184, 0.0015232124693297588
11949.93124903735, 0.0018816563126179033
21756.14256648283, 0.0021591778501079853
39609.411092742324, 0.002752417011456467
72113.21778755424, 0.003552129265436782
131289.91409387774, 0.0034095303371520372
239027.49137555077, 0.0039158481071746645
435175.405724125, 0.006572742952186163
792283.9028152404, 0.010558364312809798
1442438.5532901203, 0.017028794525225054
2626115.4273418267, 0.023332944684355494
4781127.225137095, 0.03069083195829361
8704559.329322882, 0.03868173995792898
15847591.906640742, 0.050996774850790946
28852255.43737669, 0.07876963129250686
52528652.22222218, 0.033843035919475566
40690453.83, 0.07962960860114925
22349923.675, 0.062112999374994156
12276075.620000001, 0.043327139975544444
