597.4244051800553, 0.0002818743367554479
1066.8273515456308, 0.0037188401302464054
1905.04537166146, 0.006279174291658336
3401.8605380062013, 0.008993248367164053
6074.7398944891875, 0.013383009540608969
10847.73005048779, 0.014955980877641132
19370.911231113863, 0.018892560073509052
34590.84989922103, 0.023976619081506917
61769.26229616714, 0.028608718976495823
110302.0531651816, 0.03013412373507626
196967.593268626, 0.03571182143369948
351727.20438790036, 0.04179787692977997
628083.1493828968, 0.04561161616616847
1121575.0093179569, 0.044094258205852666
2002808.8681610306, 0.049101278332851224
3576437.892302669, 0.04456728271731473
6386484.602119277, 0.031217965680450127
11404416.014294634, 0.037267799624996496
20364991.498443577, 0.04202520636263043
36365989.999999985, 0.0
28365490.75, 0.08560140656619017
15884703.754999999, 0.05074953992923512
8895450.305, 0.04373822540696308
