597.4244051800553, 8.312660398663525e-05
1111.1364901256868, 8.312660398663525e-05
2066.578280003026, 8.312660398663525e-05
3843.583416918638, 0.00016552498192346038
7148.596124212782, 0.0007043928673614393
13295.51645013554, 0.001188485414119648
24728.038149629196, 0.0014411871513262653
45991.133403718464, 0.0017992671309467695
85537.89584760673, 0.002000767628017532
159090.04811445778, 0.002472760607926759
295888.07578516833, 0.0031067665405905033
550315.7138330966, 0.002880588317516463
1023520.072878892, 0.0033278433587050076
1903622.4357273784, 0.005216451146288892
3540505.432015526, 0.007306502817247516
6584908.05680261, 0.009345473289401557
12247125.431427347, 0.012729114747453335
22778158.789652884, 0.01775506529074823
42364595.7373176, 0.02482106870830971
78792978.33333328, 0.027681159127549527
60578787.035, 0.016921517959737783
32571377.265, 0.022805258448125563
17512642.11, 0.014603807600009497
