597.4244051800553, 0.003608684362447277
955.7501063633572, 0.0038786460205839446
1528.993890931296, 0.004723894012338266
2446.060223211142, 0.005342850504752432
3913.1684247158264, 0.006559518567028213
6260.224901613613, 0.008875099204692692
10015.008700176038, 0.011326098438354446
16021.85238404909, 0.014327075602717548
25631.50582303018, 0.019557923345100786
41004.87727686813, 0.02042073183820899
65598.95357299923, 0.028623787987275877
104944.16751492301, 0.03637902690371942
167888.01795663594, 0.05585840736625304
268584.5935115891, 0.06331962670740512
429677.3810887332, 0.0787260821919091
687391.072605608, 0.06479524453301516
1099677.3567662162, 0.10156135504319859
1759246.4278018994, 0.08624320590900238
2814414.5868702363, 0.0951576574037532
4502455.904761902, 0.0
3658435.245, 0.09055105309988025
2286830.51, 0.04323742508062314
1429461.895, 0.04831011062499546
