597.4244051800553, 0.00015138595385508964
1058.8225920111072, 0.0009392108157540257
1876.5642508615533, 0.0013532050569087606
3325.857810535496, 0.002242983724465206
5894.458540826185, 0.003200731595793324
10446.821081603763, 0.004130673883760304
18515.028981057858, 0.0059782004226448665
32814.412680339105, 0.00847452390662267
58157.385584285345, 0.009778296815333853
103073.04692446142, 0.012251437187823958
182677.62375416962, 0.01794541156243284
323761.7904603758, 0.025610941992220526
573806.9874565889, 0.03722523336344475
1016965.1532561018, 0.049818840579710144
1802379.799384109, 0.044753086419753084
3194379.7983900188, 0.044806300553426985
5661438.44923755, 0.031057098765432098
10033836.718683096, 0.02846364883401921
17783091.735414322, 0.04074074074074074
31517191.333333325, 0.0
24650141.534999996, 0.019547325102880656
13908464.23, 0.03446502057613168
7847637.585000001, 0.03369341563786009
