597.4244051800553, 0.00017527307422871436
1076.2485958733434, 0.0006386872741610808
1938.8411823756073, 0.001122983959576034
3492.785165889342, 0.0014657393552557206
6292.185417739515, 0.0017910200897116669
11335.251225259039, 0.002124805889026547
20420.237454778697, 0.0026281700747507884
36786.6657229749, 0.0032029098523311127
66270.4720261326, 0.003921967430018934
119384.98301637499, 0.0035517687505598745
215069.75481025415, 0.005228880254795934
387444.03412779764, 0.008877369027939149
697972.9888735843, 0.014313860175579748
1257384.9389469055, 0.02216723454633151
2265154.826753424, 0.030495955138699894
4080632.93128167, 0.03958697745710823
7351181.880898889, 0.052841415854918854
13243013.021777228, 0.07496361627260834
23857033.703744665, 0.10928843576224352
42977988.18181815, 0.15042734621185136
