597.4244051800553, 1.7378489600711822e-05
1087.6757582049322, 2.085418752085419e-05
1980.2313811236495, 0.0005700144589033478
3605.2254481229743, 0.0010705149594038485
6563.702936784184, 0.0014389389389389388
11949.93124903735, 0.002332193304415527
21756.14256648283, 0.003121176732287843
39609.411092742324, 0.004744327660994327
72113.21778755424, 0.0073267712156601045
131289.91409387774, 0.009857079301523746
239027.49137555077, 0.012260075424969041
435175.405724125, 0.02102587800369686
792283.9028152404, 0.0337720533033033
1442438.5532901203, 0.051718964334705075
2626115.4273418267, 0.07256155303030304
4781127.225137095, 0.08902186761229314
8704559.329322882, 0.09097222222222222
15847591.906640742, 0.07398504273504275
28852255.43737669, 0.05613425925925925
52528652.22222218, 0.003472222222222222
40690453.83, 0.028645833333333332
22349923.675, 0.06481481481481481
12276075.620000001, 0.07741013071895425
