597.4244051800553, 0.000494321481975803
999.3360496257899, 0.000985553454689257
1671.6299692857265, 0.0010566121677232788
2796.203294437911, 0.0014582483718286188
4677.322737379677, 0.0022615207800392987
7823.947576746802, 0.002891780669558448
13087.434654546727, 0.00306170367898763
21891.883113594333, 0.003889692161297099
36619.441388597734, 0.006689635371805914
61254.8258482262, 0.007960557960557961
102463.43328614607, 0.010453569511540525
171394.7434410758, 0.019960349644047935
286698.94358501944, 0.02326106594399277
479572.95890480315, 0.03577727387251198
802201.1523195738, 0.026500638569604086
1341874.4256399928, 0.019970951343500364
2244607.8131153514, 0.0191358024691358
3754646.5887041213, 0.018004115226337446
6280549.7351010805, 0.029835390946502057
10505730.444444437, 0.0
8393140.09, 0.0
5017598.165, 0.038580246913580245
2999627.2, 0.06216931216931216
