597.4244051800553, 0.00054042352701526
972.826302666898, 0.0005512132551770624
1584.1184373365484, 0.0009150265749318631
2579.526495768316, 0.0010756877966124308
4200.416323389536, 0.0011899482159625227
6839.820144798374, 0.0010404767463115284
11137.738740963141, 0.001279882990540261
18136.328388150636, 0.0018680866045991697
29532.60217831206, 0.002656949092143563
48089.920559239385, 0.0041399339666973265
78308.04903105677, 0.007726003288197887
127514.25811769668, 0.012001326104488867
207640.0347665152, 0.020326047737663947
338114.2209057487, 0.02870608403348771
550574.1053610031, 0.04459939014571386
896536.8113829457, 0.06466541975697428
1459891.1324347055, 0.08551945063270007
2377238.827788783, 0.1299910223633222
3871017.7209733427, 0.19186100699412867
6303438.266666666, 0.23313069904992387
5087227.995, 0.21446418842614248
3124128.2750000004, 0.16488486209144118
1918564.98, 0.09958261977245718
