597.4244051800553, 0.0004170837504170838
972.826302666898, 0.00044797884304057146
1584.1184373365484, 0.0011184023529702543
2579.526495768316, 0.0014520693533039211
4200.416323389536, 0.001804273409211681
6839.820144798374, 0.0013284889828099704
11137.738740963141, 0.0025055920117648517
18136.328388150636, 0.003866321518651267
29532.60217831206, 0.004369613961152984
48089.920559239385, 0.004872134038800705
78308.04903105677, 0.012040625897215045
127514.25811769668, 0.015373309817754265
207640.0347665152, 0.022602089268755933
338114.2209057487, 0.02579930357708135
550574.1053610031, 0.04089506172839506
896536.8113829457, 0.03580246913580246
1459891.1324347055, 0.02983539094650206
2377238.827788783, 0.059259259259259255
3871017.7209733427, 0.08950617283950617
6303438.266666666, 0.0
5087227.995, 0.0
3124128.2750000004, 0.06944444444444445
1918564.98, 0.026895943562610228
