597.4244051800553, 5.8882056869707954e-05
1076.2485958733434, 0.0003361019657425383
1938.8411823756073, 0.0007928172856498882
3492.785165889342, 0.0011442544445118572
6292.185417739515, 0.0015403891652168325
11335.251225259039, 0.0019250221255334198
20420.237454778697, 0.0024809155842078945
36786.6657229749, 0.0030858482453355787
66270.4720261326, 0.0038558619505537116
119384.98301637499, 0.0035218116967513893
215069.75481025415, 0.005248980256700879
387444.03412779764, 0.00890409345150183
697972.9888735843, 0.014343552624966989
1257384.9389469055, 0.022450383347700994
2265154.826753424, 0.03104961464399456
4080632.93128167, 0.04014191673718622
7351181.880898889, 0.05242480652807575
13243013.021777228, 0.06354582980987734
23857033.703744665, 0.09270248108869579
42977988.18181815, 0.04353759924491673
