597.4244051800553, 0.00016552498192346038
1076.2485958733434, 0.000670143041814691
1938.8411823756073, 0.0011180299709719703
3492.785165889342, 0.0014681111033365065
6292.185417739515, 0.001790031670745908
11335.251225259039, 0.002125445405826532
20420.237454778697, 0.0026329920131825195
36786.6657229749, 0.0032019837614247764
66270.4720261326, 0.003918921461450062
119384.98301637499, 0.003550222542988043
215069.75481025415, 0.005259771519399713
387444.03412779764, 0.00893425475042354
697972.9888735843, 0.014367441420149894
1257384.9389469055, 0.022237989513019
2265154.826753424, 0.03142970245890236
4080632.93128167, 0.04025408682818723
7351181.880898889, 0.0523669937566405
13243013.021777228, 0.0632700495776139
23857033.703744665, 0.09982382243077731
42977988.18181815, 0.06920289781887383
33417510.939999998, 0.08645763609714398
18550023.36, 0.08017782019657257
10297097.45, 0.060206076669439515
