597.4244051800553, 0.0006034115905474059
999.3360496257899, 0.0009492092202990702
1671.6299692857265, 0.0009332426905864031
2796.203294437911, 0.001106102296636768
4677.322737379677, 0.0013068439300878627
7823.947576746802, 0.001582584156648663
13087.434654546727, 0.0015256215638713181
21891.883113594333, 0.0018437848570904687
36619.441388597734, 0.0028907366492351375
61254.8258482262, 0.004362544432274452
102463.43328614607, 0.007466403451861063
171394.7434410758, 0.013281946428634324
286698.94358501944, 0.017748018675381276
479572.95890480315, 0.032396034143890466
802201.1523195738, 0.04185050358380404
1341874.4256399928, 0.06008617575724189
2244607.8131153514, 0.09081039465709737
3754646.5887041213, 0.1185523655915211
6280549.7351010805, 0.18724262170434394
10505730.444444437, 0.22395160411940418
8393140.09, 0.20669932117692114
5017598.165, 0.1572283222646132
2999627.2, 0.10906834643933747
