597.4244051800553, 0.003727602714297623
999.3360496257899, 0.006755537512552493
1671.6299692857265, 0.005931655031199226
2796.203294437911, 0.008277735721327454
4677.322737379677, 0.010291255058868983
7823.947576746802, 0.012395927404808653
13087.434654546727, 0.016056888834646982
21891.883113594333, 0.017348257515661006
36619.441388597734, 0.023555331701722283
61254.8258482262, 0.029358480132107477
102463.43328614607, 0.032853823645470646
171394.7434410758, 0.04635512382538597
286698.94358501944, 0.053240231829896664
479572.95890480315, 0.06245351327352533
802201.1523195738, 0.04882761420026205
1341874.4256399928, 0.043924087738465775
2244607.8131153514, 0.047184888009349016
3754646.5887041213, 0.051735265592949324
6280549.7351010805, 0.0951576574037532
10505730.444444437, 0.0
8393140.09, 0.0
5017598.165, 0.09031404252098475
2999627.2, 0.0846043989044835
