597.4244051800553, 3.7074111148185224e-05
1076.2485958733434, 0.0004294417874664788
1938.8411823756073, 0.001013359038050396
3492.785165889342, 0.0017548412610141008
6292.185417739515, 0.002632261891521151
11335.251225259039, 0.0034602503738306208
20420.237454778697, 0.004859798069674613
36786.6657229749, 0.006481790432407715
66270.4720261326, 0.008684610536462389
119384.98301637499, 0.009951309334025384
215069.75481025415, 0.013762396276057475
387444.03412779764, 0.021384479717813053
697972.9888735843, 0.028353909465020578
1257384.9389469055, 0.03350258861011549
2265154.826753424, 0.033451343500363113
4080632.93128167, 0.02727727727727728
7351181.880898889, 0.021604938271604937
13243013.021777228, 0.024971941638608306
23857033.703744665, 0.01790123456790124
42977988.18181815, 0.004115226337448559
33417510.939999998, 0.0030864197530864196
18550023.36, 0.023809523809523808
10297097.45, 0.01895943562610229
