597.4244051800553, 2.4716074098790148e-05
1087.6757582049322, 3.398460188583645e-05
1980.2313811236495, 0.0006735130191920315
3605.2254481229743, 0.001294504380924134
6563.702936784184, 0.001841347520359866
11949.93124903735, 0.002891780669558448
21756.14256648283, 0.0037321271889173124
39609.411092742324, 0.005378835625749206
72113.21778755424, 0.007831905980054127
131289.91409387774, 0.009815370926482036
239027.49137555077, 0.010863447033659799
435175.405724125, 0.017006686291960473
792283.9028152404, 0.02250166833500167
1442438.5532901203, 0.028006401463191583
2626115.4273418267, 0.030092592592592587
4781127.225137095, 0.024100341476228002
8704559.329322882, 0.01814814814814815
15847591.906640742, 0.02184235517568851
28852255.43737669, 0.012345679012345678
52528652.22222218, 0.0020576131687242796
40690453.83, 0.012345679012345678
22349923.675, 0.01577503429355281
12276075.620000001, 0.020152505446623094
