597.4244051800553, 3.0895092623487684e-05
1066.8273515456308, 0.0006487969450932414
1905.04537166146, 0.001294504380924134
3401.8605380062013, 0.0018197209555234249
6074.7398944891875, 0.003003003003003003
10847.73005048779, 0.003651799948096245
19370.911231113863, 0.00544371532025853
34590.84989922103, 0.0076001927853779705
61769.26229616714, 0.009546583620657694
110302.0531651816, 0.01088743064051706
196967.593268626, 0.0164986912343618
351727.20438790036, 0.02369633314906947
628083.1493828968, 0.03274575823595431
1121575.0093179569, 0.0356848912404468
2002808.8681610306, 0.04203916560238399
3576437.892302669, 0.0470679012345679
6386484.602119277, 0.021090534979423873
11404416.014294634, 0.016666666666666666
20364991.498443577, 0.009259259259259259
36365989.999999985, 0.0
28365490.75, 0.023662551440329218
15884703.754999999, 0.02116402116402116
8895450.305, 0.023504273504273504
