597.4244051800553, 0.00026415304193081975
972.826302666898, 0.0002745801356912468
1584.1184373365484, 0.0007855077299521744
2579.526495768316, 0.001039233678122567
4200.416323389536, 0.0012442998554109666
6839.820144798374, 0.0009210599488377267
11137.738740963141, 0.0019776721165610054
18136.328388150636, 0.002991524790919952
29532.60217831206, 0.003677364454169706
48089.920559239385, 0.004489087301587302
78308.04903105677, 0.011405846253229972
127514.25811769668, 0.016435185185185188
207640.0347665152, 0.030288461538461542
338114.2209057487, 0.03445512820512821
550574.1053610031, 0.062065972222222224
896536.8113829457, 0.08819444444444444
1459891.1324347055, 0.10339506172839506
2377238.827788783, 0.1340277777777778
3871017.7209733427, 0.15162037037037035
6303438.266666666, 0.1597222222222222
5087227.995, 0.12152777777777778
3124128.2750000004, 0.16319444444444445
1918564.98, 0.10515873015873016
