597.4244051800553, 2.085418752085419e-05
1066.8273515456308, 0.0006499555110666222
1905.04537166146, 0.0011643588032476922
3401.8605380062013, 0.0014945501056612166
6074.7398944891875, 0.0023704259815370923
10847.73005048779, 0.0031385552218885556
19370.911231113863, 0.004775608942275609
34590.84989922103, 0.007347625403180961
61769.26229616714, 0.009742381270159048
110302.0531651816, 0.012095428762095429
196967.593268626, 0.02032902058987201
351727.20438790036, 0.034380182421227194
628083.1493828968, 0.05479426619132502
1121575.0093179569, 0.0820436507936508
2002808.8681610306, 0.11991139846743296
3576437.892302669, 0.15006510416666666
6386484.602119277, 0.14756944444444445
11404416.014294634, 0.14027777777777778
20364991.498443577, 0.10694444444444444
36365989.999999985, 0.024305555555555556
28365490.75, 0.0775462962962963
15884703.754999999, 0.10962301587301586
8895450.305, 0.13782051282051283
