597.4244051800553, 0.0003406183961739517
999.3360496257899, 0.0006569069069069068
1671.6299692857265, 0.0007750806361917473
2796.203294437911, 0.0010357579802024246
4677.322737379677, 0.0016057724391057725
7823.947576746802, 0.0021896896896896898
13087.434654546727, 0.0023704259815370923
21891.883113594333, 0.0031976420865309756
36619.441388597734, 0.005862403100775194
61254.8258482262, 0.0075036075036075045
102463.43328614607, 0.0116243961352657
171394.7434410758, 0.024457623682076237
286698.94358501944, 0.03057249322493225
479572.95890480315, 0.05846088435374149
802201.1523195738, 0.06716954022988506
1341874.4256399928, 0.10273692810457517
2244607.8131153514, 0.11250000000000002
3754646.5887041213, 0.13368055555555555
6280549.7351010805, 0.1875
10505730.444444437, 0.1388888888888889
8393140.09, 0.109375
5017598.165, 0.1762152777777778
2999627.2, 0.16369047619047616
