597.4244051800553, 0.000333667000333667
955.7501063633572, 0.00034409409409409404
1528.993890931296, 0.0004344622400177956
2446.060223211142, 0.0006151985318651985
3913.1684247158264, 0.0008167890112334556
6260.224901613613, 0.0013311923034145256
10015.008700176038, 0.0018611699623352167
16021.85238404909, 0.002324623352165725
25631.50582303018, 0.0033873037439613525
41004.87727686813, 0.005253623188405798
65598.95357299923, 0.010054976851851851
104944.16751492301, 0.012268518518518519
167888.01795663594, 0.023437499999999997
268584.5935115891, 0.043551587301587306
429677.3810887332, 0.04908459595959596
687391.072605608, 0.04326923076923077
1099677.3567662162, 0.10807291666666667
1759246.4278018994, 0.10277777777777779
2814414.5868702363, 0.13194444444444445
4502455.904761902, 0.11979166666666667
3658435.245, 0.109375
2286830.51, 0.09895833333333333
1429461.895, 0.08622685185185185
