0.19755588633288226, 0.0
0.40827370782734046, 0.0
0.8437481848666141, 0.0
1.743710128321009, 3.171488320003171e-05
3.6035929512428386, 5.351886540005351e-05
7.447271164703835, 7.73050278000773e-05
15.39070826007167, 0.0003865251390003865
31.80680486958718, 0.0003845429588003845
65.73270176503786, 0.0008344978642008345
135.84476966634375, 0.0007116026918007116
280.7400418693464, 0.003104094193203104
580.1840682006699, 0.004588747163004589
1199.0222369153046, 0.007805759829094942
2477.927960131669, 0.011682600924848931
5120.945038850035, 0.016867043847241865
10583.067188736726, 0.026237623762376244
21871.219134674993, 0.04898384575299635
45199.583249936164, 0.10343622597553873
93410.53708016212, 0.09957567185289955
193044.44444444444, 0.08250825082508251
143227.49, 0.13613861386138615
69305.06, 0.09666966696669667
33535.4, 0.0759075907590759
