0.19755588633288226, 5.5611166722277836e-05
0.3587536421013278, 8.341675008341675e-05
0.651482363345533, 0.0005422088755422089
1.1830660931113377, 0.0014458903347792235
2.148401030355109, 0.0020298075853631406
3.9014109305527347, 0.0018907796685574466
7.084807274794727, 0.006131131131131132
12.865728582421577, 0.015237459681904125
23.363652042508857, 0.009884884884884886
42.42746403878256, 0.01071380059766368
77.04658935542375, 0.012654320987654321
139.91354576076236, 0.013048835125448029
254.0774413393403, 0.01695261437908497
461.3945407968494, 0.020925925925925924
837.874158189476, 0.039634146341463415
1521.5461885380766, 0.07196969696969696
2763.0674382622665, 0.13078703703703703
5017.620711021982, 0.10648148148148147
9111.79989711383, 0.05092592592592592
16546.66666666667, 0.11805555555555555
12829.234999999999, 0.2569444444444444
7064.709999999999, 0.06597222222222222
3890.3450000000003, 0.11805555555555555
