0.19755588633288226, 0.0
0.4170800087284815, 0.0
0.8805393598236514, 0.0
1.8589947922999046, 0.0
3.924710007841424, 5.5611166722277836e-05
8.285848195730539, 0.0006812367923479034
17.493083612679744, 0.0007646535424313203
36.93140002708254, 0.00043098654209765324
77.96957575688704, 0.001098320542764987
164.6093768243529, 0.0020159047936825717
347.52333426808985, 0.0022244466688911132
733.6913011321418, 0.002113224335446558
1548.9691548070618, 0.0030864197530864196
3270.1838482225285, 0.004490601712823935
6904.01249630279, 0.006466486729644625
14575.75193364528, 0.010917030567685589
30772.329068774925, 0.020496224379719524
64966.54447933851, 0.011363636363636362
137157.3757759086, 0.012152777777777778
289566.66666666674, 0.027777777777777776
213362.025, 0.007936507936507936
101061.96, 0.011666666666666667
47869.435, 0.01763668430335097
