0.19755588633288226, 3.964360400003964e-06
0.3587536421013278, 5.946540600005947e-06
0.651482363345533, 4.162578420004162e-05
1.1830660931113377, 0.00010901991100010902
2.148401030355109, 0.00017244967740017247
3.9014109305527347, 0.0002101111012002101
7.084807274794727, 0.0005034737708005034
12.865728582421577, 0.001672960088801673
23.363652042508857, 0.0024876361510024875
42.42746403878256, 0.003679585562468227
77.04658935542375, 0.005416941694169418
139.91354576076236, 0.007090386458000638
254.0774413393403, 0.010512521840419335
461.3945407968494, 0.013544554455445544
837.874158189476, 0.022361748369958946
1521.5461885380766, 0.033933393339333935
2763.0674382622665, 0.06188118811881188
5017.620711021982, 0.0726072607260726
9111.79989711383, 0.1188118811881188
16546.66666666667, 0.27920792079207923
12829.234999999999, 0.12574257425742574
7064.709999999999, 0.05
3890.3450000000003, 0.05866336633663366
