0.19755588633288226, 0.0010098442774627333
0.375114211444414, 0.0009915917028713054
0.7122575502026125, 0.0003290000991602501
1.3524169502061179, 0.005175126292573391
2.5679357230885382, 0.013650785771437742
4.875932586403356, 0.007524737495847242
9.25829972042895, 0.02148297141259745
17.57942961564235, 0.021998399181794595
33.37938443809691, 0.021609124807102118
63.37994632515586, 0.020833694004903737
120.3442682901872, 0.019871693859672274
228.5067083522014, 0.019362067457247625
433.8828637526033, 0.026407887897555847
823.8460079167576, 0.03283835058028128
1564.2983428526948, 0.041915388655507306
2970.2508502037135, 0.06967855899734303
5639.838559853713, 0.12471847584353833
10708.785414212163, 0.23538875408107227
20333.57583388304, 0.0989431031164931
38608.88888888889, 0.1481300625534829
29471.235, 0.24374901076089228
15521.185000000001, 0.13596931389467132
8174.3150000000005, 0.16149379837498481
