0.19755588633288226, 0.0
0.40827370782734046, 0.0
0.8437481848666141, 0.0
1.743710128321009, 0.0004307036294646764
3.6035929512428386, 0.0006570142516281678
7.447271164703835, 0.0007182333607576156
15.39070826007167, 0.0034358679561688607
31.80680486958718, 0.0017017152663636253
65.73270176503786, 0.003189181954401275
135.84476966634375, 0.0025314885776630924
280.7400418693464, 0.004675598823645394
580.1840682006699, 0.0049015913739096145
1199.0222369153046, 0.006024141680435364
2477.927960131669, 0.0081503720452829
5120.945038850035, 0.010265592093719095
10583.067188736726, 0.013749994430134953
21871.219134674993, 0.024516302879063392
45199.583249936164, 0.05690082735282805
93410.53708016212, 0.08157015026468376
193044.44444444444, 0.14385805094193643
143227.49, 0.12841740649595723
69305.06, 0.055463660289962614
33535.4, 0.03933056763817696
