0.19755588633288226, 0.0
0.4039843689321143, 0.0
0.8261124149268855, 0.0009870002974807501
1.689327049708232, 0.003639213403453497
3.4545248676943014, 0.004128895068763259
7.064198766946541, 0.008668521612488543
14.445663623847754, 0.027246506549466705
29.540108428115147, 0.016604543602515842
60.406917166770405, 0.01721028036544965
123.52681949264905, 0.011973064500206786
252.60145443017817, 0.010194908702507829
516.5477022909871, 0.011562944402056675
1056.2945068705092, 0.013400591326783309
2160.029132442585, 0.016340043476706506
4417.069124806719, 0.020307016017977308
9032.516904648459, 0.03346325566315745
18470.700667680907, 0.062188868926692537
37770.9542928717, 0.12081606465599662
77238.27124167919, 0.03330438557856055
157945.45454545453, 0.054778516510181625
117591.86000000002, 0.029257464490195693
57504.61, 0.06760245714138738
28120.824999999997, 0.09768007654087757
