0.19755588633288226, 0.0003290000991602501
0.3587536421013278, 0.0004935001487403751
0.651482363345533, 0.0023824939525938817
1.1830660931113377, 0.006735382449879161
2.148401030355109, 0.008557391331020986
3.9014109305527347, 0.007682597645230729
7.084807274794727, 0.024656353130069964
12.865728582421577, 0.04557493732585677
23.363652042508857, 0.023558956351669973
42.42746403878256, 0.022086326653468286
77.04658935542375, 0.024169721359060127
139.91354576076236, 0.02255596064569709
254.0774413393403, 0.026472826047181767
461.3945407968494, 0.032035966584557096
837.874158189476, 0.051167462907211816
1521.5461885380766, 0.0901960674226565
2763.0674382622665, 0.153298600188051
5017.620711021982, 0.12821650392709472
9111.79989711383, 0.11992438747211681
16546.66666666667, 0.21234562293639797
12829.234999999999, 0.2499035307700914
7064.709999999999, 0.1101849420321002
3890.3450000000003, 0.14112778772848314
