0.19755588633288226, 0.0
0.3974432842791012, 5.5611166722277836e-05
0.7995771077779652, 0.0006117228339450561
1.608590650719402, 0.0006812367923479034
3.2361655385216594, 0.0010427093760427093
6.510523599047088, 0.00643699254810366
13.097882981941714, 0.010482704927149372
26.35034433079204, 0.00798020242464687
53.011669695675565, 0.005755755755755755
106.64897159007775, 0.009815370926482037
214.55659115277874, 0.009926593259926595
431.6453325404929, 0.010420979986197378
868.38484943733, 0.012777777777777779
1747.0181880434268, 0.017746913580246916
3514.654304865097, 0.025651927437641723
7070.787795598881, 0.03996598639455782
14225.023491267424, 0.08333333333333333
28617.927616645626, 0.13541666666666666
57573.59779225198, 0.03009259259259259
115826.66666666673, 0.034722222222222224
86700.135, 0.006944444444444444
43095.765, 0.013888888888888888
21421.475, 0.1032986111111111
