0.19755588633288226, 0.0
0.4039843689321143, 0.0
0.8261124149268855, 0.0001406370471466854
1.689327049708232, 0.000577274039164468
3.4545248676943014, 0.0005837848799597146
7.064198766946541, 0.000733353099606126
14.445663623847754, 0.0053355696133752725
29.540108428115147, 0.0023562828945562094
60.406917166770405, 0.0032379421697700146
123.52681949264905, 0.002944170892179925
252.60145443017817, 0.004538550351552565
516.5477022909871, 0.006093476633835144
1056.2945068705092, 0.008209851465031235
2160.029132442585, 0.011019724411268868
4417.069124806719, 0.01411322656115197
9032.516904648459, 0.018028602410932733
18470.700667680907, 0.03262863237838663
37770.9542928717, 0.06965877840095468
77238.27124167919, 0.07972466206129658
157945.45454545456, 0.07230660825150709
