0.19755588633288226, 1.5857441600015857e-05
0.375114211444414, 1.3875261400013875e-05
0.7122575502026125, 3.964360400003964e-06
1.3524169502061179, 9.316246940009318e-05
2.5679357230885382, 0.00022002200220022002
4.875932586403356, 0.0002338972636002339
9.25829972042895, 0.000568885717400569
17.57942961564235, 0.0007928720800007929
33.37938443809691, 0.0024658321688024658
63.37994632515586, 0.004132845717004133
120.3442682901872, 0.00585270732343692
228.5067083522014, 0.008639916623241272
433.8828637526033, 0.012742574257425743
823.8460079167576, 0.01951909476661952
1564.2983428526948, 0.029594959495949594
2970.2508502037135, 0.04301809491293957
5639.838559853713, 0.08198019801980197
10708.785414212163, 0.12722772277227723
20333.57583388304, 0.2311881188118812
38608.88888888889, 0.3217821782178218
29471.235, 0.19900990099009902
15521.185000000001, 0.12990099009900988
8174.3150000000005, 0.10633663366336635
