0.19755588633288226, 0.0
0.4039843689321143, 0.0
0.8261124149268855, 0.0001668335001668335
1.689327049708232, 0.0006812367923479034
3.4545248676943014, 0.0007646535424313203
7.064198766946541, 0.001751751751751752
14.445663623847754, 0.0060338115893671445
29.540108428115147, 0.005088421755088422
60.406917166770405, 0.0058530752975197425
123.52681949264905, 0.005046713380046713
252.60145443017817, 0.006228450672895117
516.5477022909871, 0.008313869424980537
1056.2945068705092, 0.010715011172049562
2160.029132442585, 0.014148980441115273
4417.069124806719, 0.018803418803418806
9032.516904648459, 0.03439153439153439
18470.700667680907, 0.07129629629629629
37770.9542928717, 0.09027777777777776
77238.27124167919, 0.006944444444444444
157945.45454545453, 0.009259259259259259
117591.86000000002, 0.003472222222222222
57504.61, 0.020061728395061727
28120.824999999997, 0.10526315789473684
