0.19755588633288226, 4.4499835123526785e-05
0.4039843689321143, 4.4499835123526785e-05
0.8261124149268855, 0.00020365394367105835
1.689327049708232, 0.0006583584085419562
3.4545248676943014, 0.000671265844200403
7.064198766946541, 0.0008686609316706975
14.445663623847754, 0.00541612159792844
29.540108428115147, 0.002549538395846242
60.406917166770405, 0.0034359102667365364
123.52681949264905, 0.0031618452194687695
252.60145443017817, 0.004806157141742405
516.5477022909871, 0.006176841811331403
1056.2945068705092, 0.008182045180547414
2160.029132442585, 0.010826230384737543
4417.069124806719, 0.013754296198695557
9032.516904648459, 0.017784740739646466
18470.700667680907, 0.03153955349619766
37770.9542928717, 0.06540865419955794
77238.27124167919, 0.09746316595900761
157945.45454545456, 0.1633393317013963
