0.19755588633288226, 0.0
0.40044797830742085, 0.0
0.8117125047860932, 2.775052280002775e-05
1.6453502729892633, 5.351886540005351e-05
3.3351432987215746, 7.73050278000773e-05
6.760372551431794, 0.00036670333700036676
13.703350333303865, 0.0007254779532007255
27.776843499177907, 0.0009375712346009375
56.30397063575635, 0.0009395534148009395
114.12877454725688, 0.003016878264403017
231.34029505526013, 0.005421262847005421
468.92935045135994, 0.00828646579560764
950.5250075963127, 0.013031961090845928
1926.724759702763, 0.019168316831683168
3905.4925120163366, 0.02725472547254726
7916.476748743694, 0.04048404840484048
16046.786396485415, 0.0731150038080731
32527.014456941753, 0.13922315308453923
65932.61998638093, 0.18976897689768976
133646.1538461539, 0.26534653465346536
99789.385, 0.13960396039603962
49229.814999999995, 0.17648514851485148
24286.9, 0.10832847990681423
