0.19755588633288226, 0.0
0.40827370782734046, 0.0
0.8437481848666141, 0.0
1.743710128321009, 0.00043098654209765324
3.6035929512428386, 0.0006812367923479034
7.447271164703835, 0.0010149037926815705
15.39070826007167, 0.004768657546435325
31.80680486958718, 0.0038510732955177405
65.73270176503786, 0.0055055055055055055
135.84476966634375, 0.0035730174619063504
280.7400418693464, 0.006172839506172839
580.1840682006699, 0.006297964631297965
1199.0222369153046, 0.00879821730444137
2477.927960131669, 0.011700095510983763
5120.945038850035, 0.015542328042328043
10583.067188736726, 0.02795138888888889
21871.219134674993, 0.05482456140350876
45199.583249936164, 0.06209150326797386
93410.53708016212, 0.017857142857142856
193044.44444444444, 0.004629629629629629
143227.49, 0.017361111111111112
69305.06, 0.026515151515151516
33535.4, 0.07002314814814814
