0.19755588633288226, 0.00011122233344455567
0.36516342178782185, 0.00011122233344455567
0.6749701418013185, 0.000333667000333667
1.2476186417926858, 0.0013346680013346683
2.306105380001841, 0.0030447113780447113
4.262618275751235, 0.00590868646424202
7.879047819035019, 0.004824268713157602
14.563676716677085, 0.00925925925925926
26.91958271854468, 0.01049660771882994
49.75830951470833, 0.01099130725509863
91.9735417761841, 0.012806637806637806
170.00441673676642, 0.012791141657121039
314.2371289815, 0.0174274593064402
580.8376930784796, 0.023529411764705882
1073.6236891999865, 0.03532608695652174
1984.4921218906647, 0.06444444444444446
3668.146503716466, 0.11645299145299148
6780.222820893946, 0.16269841269841268
12532.60235227632, 0.06944444444444445
23165.333333333347, 0.09027777777777778
17848.965, 0.2916666666666667
9656.41, 0.13055555555555556
5224.185, 0.1589506172839506
