0.19755588633288226, 0.0
0.4039843689321143, 0.0
0.8261124149268855, 1.1893081200011893e-05
1.689327049708232, 5.351886540005351e-05
3.4545248676943014, 5.946540600005946e-05
7.064198766946541, 0.00014073479420014076
14.445663623847754, 0.0005014915906005015
29.540108428115147, 0.0006303333036006303
60.406917166770405, 0.0009018919910009019
123.52681949264905, 0.0012586844270012587
252.60145443017817, 0.003223025005203223
516.5477022909871, 0.006315226117206315
1056.2945068705092, 0.010523648342896447
2160.029132442585, 0.01564133941484036
4417.069124806719, 0.022619954303122622
9032.516904648459, 0.033946251768033946
18470.700667680907, 0.0629042904290429
37770.9542928717, 0.12786421499292783
77238.27124167919, 0.1485148514851485
157945.45454545453, 0.15115511551155114
117591.86000000002, 0.14158415841584157
57504.61, 0.1425742574257426
28120.824999999997, 0.09619593538301198
