0.19755588633288226, 1.982180200001982e-06
0.4039843689321143, 1.982180200001982e-06
0.8261124149268855, 1.3875261400013875e-05
1.689327049708232, 5.55010456000555e-05
3.4545248676943014, 6.144758620006144e-05
7.064198766946541, 0.00013875261400013875
14.445663623847754, 0.0005034737708005034
29.540108428115147, 0.0006283511234006282
60.406917166770405, 0.0008999098108009
123.52681949264905, 0.0012428269854012426
252.60145443017817, 0.003213114104203213
516.5477022909871, 0.0063211726578063215
1056.2945068705092, 0.010505547812550909
2160.029132442585, 0.01549300997515482
4417.069124806719, 0.021919268849961922
9032.516904648459, 0.031620304887631616
18470.700667680907, 0.05557755775577557
37770.9542928717, 0.11244695898161243
77238.27124167919, 0.13861386138613863
157945.45454545456, 0.21584158415841584
