0.19755588633288226, 0.00011743476738995331
0.36516342178782185, 0.00010882151245352927
0.6749701418013185, 0.0002504459385656878
1.2476186417926858, 0.0012397677542669496
2.306105380001841, 0.0016290458463629565
4.262618275751235, 0.0022369024314240725
7.879047819035019, 0.0020455619479072527
14.563676716677085, 0.003827772166417013
26.91958271854468, 0.004493128146611285
49.75830951470833, 0.004394655681308853
91.9735417761841, 0.006059340858801051
170.00441673676642, 0.008449966813472176
314.2371289815, 0.012159322265556608
580.8376930784796, 0.015451358787457592
1073.6236891999865, 0.023376967683832052
1984.4921218906647, 0.03431577472334332
3668.146503716466, 0.0620536001100428
6780.222820893946, 0.09326213992653498
12532.60235227632, 0.1718404234484275
23165.333333333347, 0.2447447850373129
17848.965, 0.23856250217577826
9656.41, 0.12111691430470425
5224.185, 0.08881533625398906
