0.19755588633288226, 0.0
0.40044797830742085, 0.0
0.8117125047860932, 0.0021393591263316916
1.6453502729892633, 0.003639213403453497
3.3351432987215746, 0.005601962524819739
6.760372551431794, 0.019398873665565277
13.703350333303865, 0.03711961023736639
27.776843499177907, 0.02122190906307932
56.30397063575635, 0.01791084840785216
114.12877454725688, 0.013808936901351538
231.34029505526013, 0.013614375746954937
468.92935045135994, 0.013562365899052919
950.5250075963127, 0.0158805278304437
1926.724759702763, 0.018739423171368178
3905.4925120163366, 0.02507990241106362
7916.476748743694, 0.038712906353816016
16046.786396485415, 0.07301785737111871
32527.014456941753, 0.12479437393546018
65932.61998638093, 0.0734930919740164
133646.1538461539, 0.08216777476527244
99789.385, 0.029257464490195693
49229.814999999995, 0.11599509089229212
24286.9, 0.1014882158706785
