0.19755588633288226, 0.0
0.4039843689321143, 0.0
0.8261124149268855, 0.000198851306022608
1.689327049708232, 0.0006570142516281678
3.4545248676943014, 0.0006699651786210799
7.064198766946541, 0.0008694837457760129
14.445663623847754, 0.005373089107800268
29.540108428115147, 0.0025447642886006054
60.406917166770405, 0.00343221241434758
123.52681949264905, 0.0031837356067262457
252.60145443017817, 0.004807571210475846
516.5477022909871, 0.006160255712646159
1056.2945068705092, 0.008164832844620796
2160.029132442585, 0.010976238224201124
4417.069124806719, 0.013980971064655567
9032.516904648459, 0.01776128292416524
18470.700667680907, 0.031625084271659706
37770.9542928717, 0.06889058909463812
77238.27124167919, 0.10033220424956485
157945.45454545453, 0.1659432721098991
117591.86000000002, 0.13258087517404424
57504.61, 0.07571634523441739
28120.824999999997, 0.04946225634915194
