0.19755588633288226, 0.0
0.4170800087284815, 0.0
0.8805393598236514, 0.0
1.8589947922999046, 0.0
3.924710007841424, 0.0003290000991602501
8.285848195730539, 0.003639213403453497
17.493083612679744, 0.004128895068763259
36.93140002708254, 0.0021805233497055126
77.96957575688704, 0.00308601266251896
164.6093768243529, 0.005138073814790676
347.52333426808985, 0.0051670525344485
733.6913011321418, 0.0040679863047217435
1548.9691548070618, 0.004017016726004173
3270.1838482225285, 0.004999421464424938
6904.01249630279, 0.006968704040447566
14575.75193364528, 0.010084720859207436
30772.329068774925, 0.0182751611069012
64966.54447933851, 0.028597857709358895
137157.3757759086, 0.043748622112340804
289566.66666666674, 0.1145307118227128
213362.025, 0.03272306052077509
101061.96, 0.03492054473292827
47869.435, 0.02831498123104466
