0.19755588633288226, 0.0
0.4170800087284815, 0.0
0.8805393598236514, 0.0
1.8589947922999046, 0.0
3.924710007841424, 3.964360400003964e-06
8.285848195730539, 5.351886540005351e-05
17.493083612679744, 5.946540600005946e-05
36.93140002708254, 3.766142380003766e-05
77.96957575688704, 0.00013875261400013875
164.6093768243529, 0.00034093499440034097
347.52333426808985, 0.00048365196880048366
733.6913011321418, 0.0006798878086006799
1548.9691548070618, 0.0018037839820018039
3270.1838482225285, 0.0032705973300032705
6904.01249630279, 0.005199021926484146
14575.75193364528, 0.008716330148298672
30772.329068774925, 0.01776410650773815
64966.54447933851, 0.03285328532853285
137157.3757759086, 0.037995049504950494
289566.66666666674, 0.0504950495049505
213362.025, 0.03847241867043847
101061.96, 0.025584158415841583
47869.435, 0.028288543140028287
