0.19755588633288226, 0.00018831755123858312
0.375114211444414, 0.0001936662078010563
0.7122575502026125, 8.89996702470536e-05
1.3524169502061179, 0.0007300668639017182
2.5679357230885382, 0.00219426005195595
4.875932586403356, 0.0011023417180143305
9.25829972042895, 0.0024720465356011623
17.57942961564235, 0.0025530988827702703
33.37938443809691, 0.00467511560986219
63.37994632515586, 0.0050013631411318935
120.3442682901872, 0.005889754923918909
228.5067083522014, 0.007743476195183908
433.8828637526033, 0.011606291794314964
823.8460079167576, 0.01761598850177598
1564.2983428526948, 0.022422064150400232
2970.2508502037135, 0.03451890921503223
5639.838559853713, 0.061899130512121155
10708.785414212163, 0.12044158694201626
20333.57583388304, 0.1302798748826212
38608.88888888889, 0.2394730024247094
29471.235, 0.2447447850373129
15521.185000000001, 0.12362907672906519
8174.3150000000005, 0.08156541166908303
