7787.794644924316, 0.0009703675650225487
18233.39160037378, 0.0013819255978564499
42689.43704996881, 0.002288904237925878
99947.83612314293, 0.00299685659887233
234005.66126008297, 0.005640680286453649
547872.2864425208, 0.011646542643928897
742380.9538724002, 0.015313163568598742
1005945.1706366165, 0.01739442753231954
1363081.4220768148, 0.022569254211929395
1847010.172567468, 0.031330211428900294
2502746.0005800445, 0.034019245024697976
3391284.810690779, 0.042794788394774276
4595277.612892609, 0.05896285393805633
6226718.638606679, 0.06346120154126132
8437362.934416017, 0.08204139162973897
11432842.467888813, 0.10370384822046437
15491793.811831467, 0.11051019413413095
20991776.645429175, 0.14336328608458043
28444393.98586927, 0.15183130894726524
38542881.0, 0.2486287894375679
33493637.494999997, 0.24931281960870258
24718085.32, 0.17442038716340708
18241785.23, 0.131462069048157
