7787.794644924316, 0.0008544150414869484
20644.024965465902, 0.0018475053461023314
54723.549631928, 0.00302484269735436
145062.16153718464, 0.004829855568041486
384533.36545922584, 0.0058106336394010485
1019327.9045652108, 0.01150124308485855
1443846.4685400142, 0.015082894274077045
2045163.8921870638, 0.019294477997829344
2896911.435559481, 0.023744140082007037
4103385.502518787, 0.03010145773204551
5812318.725245902, 0.03635369915196423
8232969.810686091, 0.04277863437540461
11661747.248865971, 0.050974766295245784
16518504.503674336, 0.05700069243356375
23397951.028688543, 0.051317125701701785
33142474.38193516, 0.05436613295581325
46945290.50045606, 0.05321953784194688
66496552.87577018, 0.0583487052159441
94190311.6845585, 0.12680103979128887
133417664.99999976, 0.15537887021227556
113803988.34, 0.16752831445334843
80343432.28, 0.09871264065746133
56720921.69, 0.06371730265765292
