778.7794644924317, 0.0001619825254083212
1481.4808580174629, 0.00021491275759072512
2818.2375534293374, 0.0002752286632451878
5361.1647187855515, 0.0005230002732244968
10198.603416868287, 0.000827033649453448
19400.916985464108, 0.0013526800560414503
36906.58068479451, 0.0022629711586962444
70207.79991295142, 0.0029012261679929145
133557.08053029745, 0.003946794043906895
254067.12333804136, 0.004589465199809445
483314.72135334916, 0.005499000098492122
919414.9829691491, 0.008066520633614817
1749013.3727794003, 0.013292702751985219
3327167.6390157677, 0.020136651343273446
6329308.094724316, 0.030287158868900915
12040313.35487298, 0.045553281288296964
22904422.333994046, 0.04781471315658304
43571337.97033952, 0.057211457006897136
82886242.00348942, 0.0867672819371866
157675422.27272695, 0.15280516654773862
