778.7794644924317, 2.8145783902300354e-06
1481.4808580174629, 4.868459918235737e-06
2818.2375534293374, 7.860534242984784e-06
5361.1647187855515, 2.2770192742581726e-05
10198.603416868287, 0.00010292228545895238
19400.916985464108, 0.00039898550423666314
36906.58068479451, 0.0008944780837275202
70207.79991295142, 0.0013491719548410785
133557.08053029745, 0.002043891042548489
254067.12333804136, 0.0037547236422530903
483314.72135334916, 0.007355989370833456
919414.9829691491, 0.011469953721339635
1749013.3727794003, 0.019208907221803496
3327167.6390157677, 0.028887677481334344
6329308.094724316, 0.04225639120387961
12040313.35487298, 0.05929604040920136
22904422.333994046, 0.054991936232912
43571337.97033952, 0.03956312114226849
82886242.00348942, 0.01512272969070598
157675422.27272695, 0.0012074541294086849
