7787.794644924316, 0.00024200302843563473
17325.37264630794, 0.0006408871064240014
38543.458195712636, 0.0013780784356056033
85746.96775721187, 0.0028942548606390775
190759.80266799734, 0.00545276204520828
424380.0482480926, 0.014149225258181762
564649.927728969, 0.013473289699603931
751283.0591365162, 0.020968002790329718
999603.8381084267, 0.020298567029213083
1330001.8162389162, 0.023413564792088996
1769605.8816122182, 0.044202048932651554
2354511.80442149, 0.04012945452264549
3132746.050837875, 0.04269659126411159
4168209.223079963, 0.06961015274716924
5545922.920474848, 0.12474035514350128
7379010.83984485, 0.07465528451165657
9817987.33147298, 0.09043240367809102
13063116.091450393, 0.16127534176018102
17380853.7592713, 0.20874179902221546
23125728.600000013, 0.19916660333865288
20253291.18, 0.16251234896268713
15221984.925, 0.1326257483260295
11440551.71, 0.12378093573473162
