7787.794644924316, 0.00021124551863969753
16752.120216481322, 0.0006734195755651286
36035.045162669376, 0.0011991771623962519
77514.037811052, 0.002188514151388464
166738.40786517586, 0.006043197499615161
358666.6033987685, 0.010643592049378963
471515.9634682087, 0.011531944558666204
619871.774228637, 0.015050881180526292
814905.636829546, 0.023493486864563692
1071304.138283976, 0.025081059857638626
1408374.7919201509, 0.029793719549780044
1851499.946311559, 0.030338340468289548
2434048.146032179, 0.04198285439261197
3199886.8749660407, 0.06848798034298452
4206685.898662823, 0.050782734250322974
5530259.956516873, 0.08260928304244664
7270277.820451419, 0.07217493730526636
9557767.627950467, 0.14186319460276448
12564983.66168706, 0.19097195835549813
16518377.571428576, 0.18348658712668137
14541680.615, 0.12576943536742913
11061375.645, 0.11982504580726328
8414022.725000001, 0.07498670111710616
