7787.794644924316, 0.00022469628563507235
20350.7109064123, 0.0006044336952928772
53179.55252791504, 0.000980530351927552
138966.38894212715, 0.002649575185946308
363140.64969759627, 0.00489908926680013
948942.6361773736, 0.01267583919620665
1337295.8396119114, 0.017867741275646845
1884581.9488598169, 0.02205614698826815
2655843.9926044852, 0.03203377393948352
3742743.7513772007, 0.03998958693861962
5274455.437699039, 0.045833949196562425
7433017.59679278, 0.05022362720643521
10474967.747254988, 0.06835649938861575
14761830.962619632, 0.06936769743045029
20803085.85447061, 0.06583044537469118
29316714.31303772, 0.06127567189878471
41314531.12892718, 0.041110520175679385
58222434.62133152, 0.0647611858358496
82049869.63682984, 0.07866970903101839
115628642.99999982, 0.08360783237258668
98839256.32, 0.09775597035410374
70136152.13, 0.08597824595113918
49768482.875, 0.053561625034312374
