7787.794644924316, 0.00020906852501691923
17325.37264630794, 0.000526569666015178
38543.458195712636, 0.0008348658842757113
85746.96775721187, 0.001995291651661195
190759.80266799734, 0.0036115435854661765
424380.0482480926, 0.011255643794901892
564649.927728969, 0.008394306826822658
751283.0591365162, 0.016732300090795835
999603.8381084267, 0.011790153887522617
1330001.8162389162, 0.009459088514811823
1769605.8816122182, 0.030860309399631383
2354511.80442149, 0.022976223154647528
3132746.050837875, 0.025091499679751123
4168209.223079963, 0.04679896688543408
5545922.920474848, 0.07837376475432337
7379010.83984485, 0.02708962393631622
9817987.33147298, 0.015550370573702994
13063116.091450393, 0.0785067252264617
17380853.7592713, 0.024413258303595937
23125728.600000013, 0.02276626406807576
20253291.18, 0.0
15221984.925, 0.0
11440551.71, 0.05271239363162229
