7787.794644924316, 0.0005872339074232392
22303.52903066992, 0.0007606388826965057
63875.25992947773, 0.001414590638097839
182932.8814040063, 0.0022373031095706754
523902.9811498065, 0.003083321102607761
1500410.049582499, 0.005431302386094548
2184789.706582138, 0.007403622774721168
3181334.3714376446, 0.007008851698318312
4632431.3742413055, 0.008260273429514423
6745414.952203759, 0.00889749508123253
9822190.379423805, 0.010895793675083287
14302370.50400088, 0.01284672796005816
20826088.08542706, 0.01600512129996562
30325458.623844095, 0.01350179532956014
44157761.98459424, 0.01455301931474822
64299371.94601609, 0.020101251845018427
93628142.52439997, 0.018029800516203547
136334598.72561786, 0.018052191610584144
198520683.08234718, 0.02396707302202191
289071607.49999946, 0.04302841757677315
243796145.29000002, 0.03403565325695742
167427640.905, 0.017794247616436144
114981370.625, 0.02213390026698678
