7787.794644924316, 0.002018320797386686
20991.788513449246, 0.003225904053586686
56582.79462730512, 0.004293849792204426
152517.3829654654, 0.005199348521660582
411106.45488353225, 0.011399600169582944
1108126.260500906, 0.018481424807784606
1579019.3199088878, 0.023822128630099724
2250016.1773248473, 0.028838350360959244
3206150.0036083465, 0.0333239144823705
4568588.416932829, 0.03641955755006876
6509988.646770274, 0.0426905448521616
9276377.80282473, 0.05189228391753539
13218331.061672581, 0.057952349677510395
18835398.877649557, 0.07211789569600148
26839413.32872556, 0.05746143454116877
38244696.19727346, 0.047983417172253136
54496600.551856875, 0.08912544108247264
77654675.47158541, 0.08001616177120656
110653665.76139152, 0.11095481945907357
157675422.27272695, 0.07228826140327835
134164544.01500002, 0.10631911143350106
94154170.61500001, 0.09138290674615675
66075638.01, 0.09613604557889642
