7787.794644924316, 0.0037201642874253927
17325.37264630794, 0.005375163085674474
38543.458195712636, 0.007462000325583434
85746.96775721187, 0.010413053899710449
190759.80266799734, 0.013269695362917574
424380.0482480926, 0.024830217140785114
564649.927728969, 0.0297063440918335
751283.0591365162, 0.03635875992616833
999603.8381084267, 0.03740307524850906
1330001.8162389162, 0.03241495468244852
1769605.8816122182, 0.06274222250749872
2354511.80442149, 0.04513876006255462
3132746.050837875, 0.04795600995759743
4168209.223079963, 0.06909101518420589
5545922.920474848, 0.1101920985004686
7379010.83984485, 0.06383299358672738
9817987.33147298, 0.053556139608462366
13063116.091450393, 0.1414411626897821
17380853.7592713, 0.1077525961209282
23125728.600000013, 0.10423449167344044
20253291.18, 0.0
15221984.925, 0.0
11440551.71, 0.10197794842773844
