7787.794644924316, 0.00040010119296792553
20350.7109064123, 0.0011604684198852954
53179.55252791504, 0.001759111493893772
138966.38894212715, 0.0043592494386627675
363140.64969759627, 0.009430927173845147
948942.6361773736, 0.02181280516728832
1337295.8396119114, 0.02896413071958326
1884581.9488598169, 0.03679536571101941
2655843.9926044852, 0.04710220751713267
3742743.7513772007, 0.059376896398673516
5274455.437699039, 0.07297959279112863
7433017.59679278, 0.08652258717514104
10474967.747254988, 0.10320086648075097
14761830.962619632, 0.1115178788749861
20803085.85447061, 0.1253198064695899
29316714.31303772, 0.14530209765410007
41314531.12892718, 0.1421428933302936
58222434.62133152, 0.1963624388884667
82049869.63682984, 0.16798388935329434
115628642.99999982, 0.1797249031081389
98839256.32, 0.19256782430275857
70136152.13, 0.1818780555766649
49768482.875, 0.1411074803049877
