7787.794644924316, 0.0005026335062293804
21417.287170541003, 0.0009693909601632437
58899.882528923255, 0.00218213121304354
161981.11993813855, 0.0030216618197597927
445465.7987395707, 0.004189597203343963
1225079.6754737129, 0.006835029238888134
1758227.3764094433, 0.00913059714687061
2523397.9218211, 0.011839863221274498
3621566.3328223643, 0.014583067781188917
5197651.384909999, 0.01801386982119253
7459639.679719191, 0.022104406361151095
10706032.40394211, 0.026542756524665777
15365236.761485638, 0.030569369284640765
22052100.332666498, 0.03571571861566907
31649048.864703, 0.03290007756859385
45422534.76674797, 0.029802546211828956
65190163.32707062, 0.03417401605248458
93560551.30858116, 0.07241299192654342
134277570.6397206, 0.11610017289861338
192714405.0000004, 0.18014036166519648
163495987.82, 0.1309891314012544
113919060.975, 0.08404938904977129
79375357.32, 0.05615479820126476
