7787.794644924316, 0.0003524562128306081
18233.39160037378, 0.00048164789659837414
42689.43704996881, 0.0016580402374662326
99947.83612314293, 0.003022681888646767
234005.66126008297, 0.006820461315483733
547872.2864425208, 0.014768413461708034
742380.9538724002, 0.022030942504277916
1005945.1706366165, 0.019406059813456288
1363081.4220768148, 0.02906936769692298
1847010.172567468, 0.04259497274692694
2502746.0005800445, 0.04955454330071569
3391284.810690779, 0.0621779770499278
4595277.612892609, 0.07236984685878979
6226718.638606679, 0.08782718661888811
8437362.934416017, 0.12109582795045216
11432842.467888813, 0.15954678854595258
15491793.811831467, 0.16533171213618053
20991776.645429175, 0.14396990652785166
28444393.98586927, 0.2418961251699302
38542881.0, 0.22385186311016542
33493637.494999997, 0.2314765559692986
24718085.32, 0.1587337774738033
18241785.23, 0.16857283988144997
