778.7794644924317, 0.0001337398544985372
1481.4808580174629, 0.0001794752545647758
2818.2375534293374, 0.00023466528164358717
5361.1647187855515, 0.0003977052078160637
10198.603416868287, 0.0005859244393274165
19400.916985464108, 0.0010252553671720526
36906.58068479451, 0.0019089883685930052
70207.79991295142, 0.0025346699808239475
133557.08053029745, 0.0035700362914092964
254067.12333804136, 0.004390233959546331
483314.72135334916, 0.005445231522217799
919414.9829691491, 0.008072396111686876
1749013.3727794003, 0.013305155427416815
3327167.6390157677, 0.02014633035314815
6329308.094724316, 0.030281480841611023
12040313.35487298, 0.045408422195398354
22904422.333994046, 0.048343883266607685
43571337.97033952, 0.048085268017583525
82886242.00348942, 0.04845667717618943
157675422.27272695, 0.02002565265673678
