7787.794644924316, 0.00015215395599518891
22303.52903066992, 0.00028004808378260306
63875.25992947773, 0.0007680362055573667
182932.8814040063, 0.0018410817873856405
523902.9811498065, 0.002591332533201302
1500410.049582499, 0.0033407255686342765
2184789.706582138, 0.003588502489736974
3181334.3714376446, 0.003653845092533431
4632431.3742413055, 0.004488489578878686
6745414.952203759, 0.0054899385884599325
9822190.379423805, 0.006882781407104464
14302370.50400088, 0.008388996275794265
20826088.08542706, 0.009674513788169598
30325458.623844095, 0.009711694808780298
44157761.98459424, 0.00889345670449138
64299371.94601609, 0.009120554458102286
93628142.52439997, 0.01825210522865543
136334598.72561786, 0.02812764428576908
198520683.08234718, 0.04433534566220915
289071607.49999946, 0.06726580780197544
243796145.29000002, 0.057207816859792246
167427640.905, 0.035516205847598875
114981370.625, 0.024217756856808298
