7787.794644924316, 0.0002661871314081031
18233.39160037378, 0.00037358934559044354
42689.43704996881, 0.0011395900429663813
99947.83612314293, 0.0017589151240738818
234005.66126008297, 0.0046799304107841035
547872.2864425208, 0.010799930159105204
742380.9538724002, 0.017694835158594185
1005945.1706366165, 0.01079204144297123
1363081.4220768148, 0.018344596508197933
1847010.172567468, 0.034075922853835226
2502746.0005800445, 0.03566166378711793
3391284.810690779, 0.04381416415042547
4595277.612892609, 0.04444215695245067
6226718.638606679, 0.06447032243079456
8437362.934416017, 0.055050782322261876
11432842.467888813, 0.09997647151092111
15491793.811831467, 0.06937963217128741
20991776.645429175, 0.020638896513862203
28444393.98586927, 0.07661954433159482
38542881.0, 0.06543370848202032
33493637.494999997, 0.03525597035410376
24718085.32, 0.04732820935126726
18241785.23, 0.040977559703541035
