7787.794644924316, 0.0029603477238936745
20350.7109064123, 0.004475060186346512
53179.55252791504, 0.005027854597376682
138966.38894212715, 0.007865945357109423
363140.64969759627, 0.014259088877277103
948942.6361773736, 0.02527625350875416
1337295.8396119114, 0.031997150888546454
1884581.9488598169, 0.0374855246738277
2655843.9926044852, 0.048103096922595096
3742743.7513772007, 0.053513818171516576
5274455.437699039, 0.06214252235437502
7433017.59679278, 0.06670362174360384
10474967.747254988, 0.08032064393665654
14761830.962619632, 0.07707156929107022
20803085.85447061, 0.0895934440957917
29316714.31303772, 0.09732859946628085
41314531.12892718, 0.06952771024258454
58222434.62133152, 0.10302348995087092
82049869.63682984, 0.11609696007531595
115628642.99999982, 0.14449570174744417
98839256.32, 0.1517533976934141
70136152.13, 0.11875311663678649
49768482.875, 0.0778337319508865
