7787.794644924316, 0.000187670514324371
16752.120216481322, 0.0005100145437779255
36035.045162669376, 0.0007930011875935566
77514.037811052, 0.001246683136609022
166738.40786517586, 0.004765791612998584
358666.6033987685, 0.008137752767865311
471515.9634682087, 0.007546843449061626
619871.774228637, 0.010501459835799669
814905.636829546, 0.019230455014836015
1071304.138283976, 0.01613432438923964
1408374.7919201509, 0.019650985909049314
1851499.946311559, 0.015757007350474275
2434048.146032179, 0.026128877298929445
3199886.8749660407, 0.04972893219873731
4206685.898662823, 0.015170360966236618
5530259.956516873, 0.052795315216396736
7270277.820451419, 0.01510602525391161
9557767.627950467, 0.07397749107878121
12564983.66168706, 0.018683090859181992
16518377.571428576, 0.013381828163601428
14541680.615, 0.0
11061375.645, 0.0014068075761734832
8414022.725000001, 0.020029851770518803
