7787.794644924316, 0.0006144576084697482
20991.788513449246, 0.001384909670134227
56582.79462730512, 0.0026194638915323617
152517.3829654654, 0.004066259340950198
411106.45488353225, 0.005274754563963157
1108126.260500906, 0.009354233007952257
1579019.3199088878, 0.012281261867655664
2250016.1773248473, 0.015575231031825416
3206150.0036083465, 0.019764241049615654
4568588.416932829, 0.023951112557362552
6509988.646770274, 0.029417250951819254
9276377.80282473, 0.036494496063056436
13218331.061672581, 0.03965426090925128
18835398.877649557, 0.04870393021452956
26839413.32872556, 0.04898530340220517
38244696.19727346, 0.03930900389728982
54496600.551856875, 0.04255391905758801
77654675.47158541, 0.08243231608304932
110653665.76139152, 0.12649373547344872
157675422.27272695, 0.13597832645382352
134164544.01500002, 0.15508129142199753
94154170.61500001, 0.10084302251816908
66075638.01, 0.04465864164688757
