7787.794644924316, 0.0009615169708464589
20350.7109064123, 0.0022560514041906664
53179.55252791504, 0.0032992135568438146
138966.38894212715, 0.005021608803735381
363140.64969759627, 0.006392366146108128
948942.6361773736, 0.013340933375737819
1337295.8396119114, 0.017405481492414714
1884581.9488598169, 0.021935625637070705
2655843.9926044852, 0.027765472411734802
3742743.7513772007, 0.03432231809901364
5274455.437699039, 0.04184691289174228
7433017.59679278, 0.0489475353851876
10474967.747254988, 0.05730518475039234
14761830.962619632, 0.058422566737039716
20803085.85447061, 0.06257908337453252
29316714.31303772, 0.06636728876351917
41314531.12892718, 0.059449975956915264
58222434.62133152, 0.06384542244380949
82049869.63682984, 0.12585194517610157
115628642.99999982, 0.1661543265726667
98839256.32, 0.167455510021153
70136152.13, 0.12417782512670782
49768482.875, 0.09456016986460607
