7787.794644924316, 8.06117674083636e-05
21417.287170541003, 0.0002822613994724892
58899.882528923255, 0.0008872102956648661
161981.11993813855, 0.0014411886495334203
445465.7987395707, 0.003655281688496072
1225079.6754737129, 0.007627846177892484
1758227.3764094433, 0.011107008223230892
2523397.9218211, 0.015294592850503969
3621566.3328223643, 0.018297329946686956
5197651.384909999, 0.02213002936307905
7459639.679719191, 0.026821144612835957
10706032.40394211, 0.03383808726289712
15365236.761485638, 0.038323115869094454
22052100.332666498, 0.046941190435563204
31649048.864703, 0.03641229755695856
45422534.76674797, 0.032253637112270105
65190163.32707062, 0.04892945374691189
93560551.30858116, 0.044081604642955165
134277570.6397206, 0.027475638210266263
192714405.0000004, 0.017756656601701896
163495987.82, 0.013095891664379172
113919060.975, 0.043365129472046834
79375357.32, 0.038098179156372966
