7787.794644924316, 0.00010081769080679838
21417.287170541003, 0.0004035750419720833
58899.882528923255, 0.0011781419436509744
161981.11993813855, 0.0017468389178498863
445465.7987395707, 0.005145100010464653
1225079.6754737129, 0.011164926168864704
1758227.3764094433, 0.015174011194329193
2523397.9218211, 0.020102089202284783
3621566.3328223643, 0.024800105258106275
5197651.384909999, 0.03094828519252867
7459639.679719191, 0.0380188064202607
10706032.40394211, 0.047110591233543136
15365236.761485638, 0.05650453756946145
22052100.332666498, 0.06759050257796365
31649048.864703, 0.06876307723484562
45422534.76674797, 0.06861925559037355
65190163.32707062, 0.0899442022627675
93560551.30858116, 0.0896760862563735
134277570.6397206, 0.0781341034019809
192714405.0000004, 0.07665222787952479
163495987.82, 0.06361510077597926
113919060.975, 0.08874787851153837
79375357.32, 0.08338188481056483
