7787.794644924316, 0.0007611103052548302
16752.120216481322, 0.0011964620887009113
36035.045162669376, 0.0016192169870847429
77514.037811052, 0.0030118221885497513
166738.40786517586, 0.0060469638821356265
358666.6033987685, 0.010776725803432346
471515.9634682087, 0.01351371323307772
619871.774228637, 0.019279464448839687
814905.636829546, 0.024925115457589835
1071304.138283976, 0.025757049863334967
1408374.7919201509, 0.03033580579510587
1851499.946311559, 0.03831741063979534
2434048.146032179, 0.04666759093272995
3199886.8749660407, 0.059576710127031356
4206685.898662823, 0.07085531423741037
5530259.956516873, 0.10869474734279383
7270277.820451419, 0.11928004466154986
9557767.627950467, 0.1670834299382636
12564983.66168706, 0.2429314518534291
16518377.571428576, 0.24098955559929036
14541680.615, 0.21694876540573496
11061375.645, 0.17429768188359152
8414022.725000001, 0.118872138678309
