7787.794644924316, 6.947698008315584e-06
22303.52903066992, 2.203485244243154e-05
63875.25992947773, 0.00036728980164398256
182932.8814040063, 0.0010755492934989858
523902.9811498065, 0.0016212478658966488
1500410.049582499, 0.003747471665499884
2184789.706582138, 0.005508307405614698
3181334.3714376446, 0.0061410550556129
4632431.3742413055, 0.007708330398306986
6745414.952203759, 0.0093571466729468
9822190.379423805, 0.01195478261996535
14302370.50400088, 0.01506086936479882
20826088.08542706, 0.017899642926809435
30325458.623844095, 0.01970140539940677
44157761.98459424, 0.018551620407847094
64299371.94601609, 0.023714038323811106
93628142.52439997, 0.023831236271391294
136334598.72561786, 0.01741045418851483
198520683.08234718, 0.01844745041416521
289071607.49999946, 0.014177031351588688
243796145.29000002, 0.01798008967246751
167427640.905, 0.017087049536323798
114981370.625, 0.02665204694234255
