7787.794644924316, 0.0038156609422096165
18233.39160037378, 0.0038070751530443897
42689.43704996881, 0.006182909170765971
99947.83612314293, 0.009762768861582288
234005.66126008297, 0.01553213238099112
547872.2864425208, 0.026060992625634605
742380.9538724002, 0.03411513412140183
1005945.1706366165, 0.02907171457283202
1363081.4220768148, 0.03684097264842766
1847010.172567468, 0.049089713699179575
2502746.0005800445, 0.05951155828465985
3391284.810690779, 0.06511292622813133
4595277.612892609, 0.0784080424209299
6226718.638606679, 0.09179915314913242
8437362.934416017, 0.08198582793861865
11432842.467888813, 0.10948532490398881
15491793.811831467, 0.09519660221895708
20991776.645429175, 0.06880232611733152
28444393.98586927, 0.14024725857196063
38542881.0, 0.1686276490831208
33493637.494999997, 0.1280039129536376
24718085.32, 0.1163447909592792
18241785.23, 0.11575398933073612
