2157.5642511857945, 0.0004236672857605965
5841.9977870621815, 0.00088719162215751
15818.271982065997, 0.0020166448910114796
42830.849585864555, 0.0049691853129326885
115972.31848882113, 0.009062745205941029
314016.1539105057, 0.017005909261311118
448178.63639483333, 0.020801137705712205
639661.6467634933, 0.024967829093584897
381097.395, 0.019031915304462143
912955.2127507436, 0.029625823999262987
1303012.654746406, 0.03454859413880601
1859720.9969519288, 0.04008937489296016
2654281.3486159067, 0.046040328608692914
3788315.2844740236, 0.051508353009316686
5406861.899573347, 0.05712236676625489
7716927.817721717, 0.062175255405444656
11013962.63674247, 0.0638866190148727
15719645.930208107, 0.07079667276760608
22435818.635044295, 0.07369570032844616
32021456.466604836, 0.10785274474669652
45702530.0, 0.15925925316168354
