215.75642511857947, 3.6734067115179854e-06
414.52357307643354, 6.629824026871496e-06
796.406376040091, 1.3045482389953604e-05
1530.10143932239, 2.358615766863132e-05
2939.7183210127837, 4.043773636614633e-05
5647.954824959403, 7.811692586717936e-05
10851.173555224255, 0.0001836493845870503
20847.894711417874, 0.00042016044192768134
40054.166647174505, 0.001199935295897194
76954.353809211, 0.0043542859144574475
147849.10200125116, 0.010923729191466235
284056.1434219973, 0.018368177314807037
545744.8947853311, 0.02865366019479483
1048516.277790126, 0.042279247166940336
2014469.3890784068, 0.058911162952636986
3870313.7047016905, 0.07564496228787723
7435867.853844385, 0.09715945559914452
14286214.23443458, 0.12582948488428436
27447491.15554033, 0.19118240760551067
52733688.46153845, 0.18947575681466527
