215.75642511857947, 5.020782212736909e-06
414.52357307643354, 5.718888749546824e-06
796.406376040091, 7.762944689326255e-06
1530.10143932239, 1.2493314582750236e-05
2939.7183210127837, 2.0831499058407864e-05
5647.954824959403, 3.9356454119195766e-05
10851.173555224255, 9.22896841662708e-05
20847.894711417874, 0.00024026593056079485
40054.166647174505, 0.0007521679070204749
76954.353809211, 0.0006994469013605902
147849.10200125116, 0.0014926355484840156
284056.1434219973, 0.001652869545392869
545744.8947853311, 0.0018527267689241217
1048516.277790126, 0.002843304220168162
2014469.3890784068, 0.004197402452486559
3870313.7047016905, 0.008735991600666472
7435867.853844385, 0.020184267987431437
14286214.23443458, 0.045339663265849574
27447491.15554033, 0.10260607582224453
52733688.46153845, 0.11548897629741216
