215.75642511857947, 2.79579306751147e-06
418.18426649218725, 5.1748942456935866e-06
810.5347529998047, 9.572274016325702e-06
1570.9978553981016, 1.8848906301116047e-05
3044.9456393216856, 3.2529902019488155e-05
5901.786507579056, 5.978248273668781e-05
11438.983846293355, 0.00014059510250243358
22171.312240407682, 0.00031245373614281806
42972.967972232706, 0.0007652418513712827
83291.23492189749, 0.002858669312934855
161437.06479146116, 0.008106831494520912
312901.18237436144, 0.015080601094098988
606472.559803701, 0.0235262284546784
1175479.6290759922, 0.03497004462134658
2278342.7478068722, 0.04836372675509055
4415938.4374568295, 0.06254442503134033
8559077.55853671, 0.07784006302624735
16589408.953634873, 0.1003996027228369
32153989.43972083, 0.14698777995863604
62321631.81818178, 0.1540543808894801
