215.75642511857947, 7.20153672038053e-05
418.18426649218725, 0.00010344838142959859
810.5347529998047, 0.00016119373547354655
1570.9978553981016, 0.0002702235623232849
3044.9456393216856, 0.0003652414361331219
5901.786507579056, 0.0005767052235381694
11438.983846293355, 0.001004736446331471
22171.312240407682, 0.0017079200509946431
42972.967972232706, 0.00273265791173929
83291.23492189749, 0.005141011310023463
161437.06479146116, 0.007814720577054585
312901.18237436144, 0.01069870602412032
606472.559803701, 0.01556039895357765
1175479.6290759922, 0.021683317889274665
2278342.7478068722, 0.028485320617938653
4415938.4374568295, 0.03645449355704782
8559077.55853671, 0.04368960075335042
16589408.953634873, 0.057103136261756796
32153989.43972083, 0.09108170878463602
62321631.81818178, 0.1640434425518427
