215.75642511857947, 0.0007097745422182945
414.52357307643354, 0.0006769742621986682
796.406376040091, 0.0007347092016146776
1530.10143932239, 0.0009349359895470625
2939.7183210127837, 0.0012019781198694204
5647.954824959403, 0.0017063091803111979
10851.173555224255, 0.0026873673405855046
20847.894711417874, 0.004945221698219923
40054.166647174505, 0.0080736345373492
76954.353809211, 0.004354642305789889
147849.10200125116, 0.00869721415358721
284056.1434219973, 0.00802322956477334
545744.8947853311, 0.007213636314854687
1048516.277790126, 0.008562570523731081
2014469.3890784068, 0.00879211658288527
3870313.7047016905, 0.0130513358964272
7435867.853844385, 0.02405658576784434
14286214.23443458, 0.04545440027722354
27447491.15554033, 0.09996603607630301
52733688.46153845, 0.1586146959970812
