215.75642511857947, 6.199186046872046e-06
377.99877775909243, 8.098035826995014e-06
662.2425075352421, 1.1968338467069184e-05
1160.2289864177103, 2.1149835639193188e-05
2032.6863431553904, 4.030587900925725e-05
3561.2054327376386, 9.704797832116714e-05
6239.124977084848, 0.0003238655845568558
10930.7596023068, 0.00036131201919133973
19150.362578447384, 0.001515136918378473
33550.860162417586, 0.0016680956960162452
58780.09949038573, 0.001373337518621643
102980.96917258526, 0.0014833803900495234
180419.56552760824, 0.0017158830378904586
316089.66090247704, 0.0027646642127036256
553779.5938997195, 0.004554595124517294
970205.2188108601, 0.009986609758138755
1699770.4086190732, 0.022647260960090492
2977946.712715323, 0.050322202694786176
5217273.21454939, 0.12731144400740182
9140506.0, 0.19932769827321672
