215.75642511857947, 8.556887244095455e-05
414.52357307643354, 0.00012785459676970223
796.406376040091, 0.00020349501964762518
1530.10143932239, 0.0003075794701369116
2939.7183210127837, 0.00042721219139523164
5647.954824959403, 0.0006943505334675549
10851.173555224255, 0.0012271669516661762
20847.894711417874, 0.002058778992750616
40054.166647174505, 0.00348907570179255
76954.353809211, 0.006464559941205134
147849.10200125116, 0.00876844878169876
284056.1434219973, 0.013054943300333808
545744.8947853311, 0.01904265412550063
1048516.277790126, 0.02627206904763688
2014469.3890784068, 0.034702815230797775
3870313.7047016905, 0.043618396849063074
7435867.853844385, 0.05275710406782618
14286214.23443458, 0.0590740867482013
27447491.15554033, 0.0872768483071429
52733688.46153845, 0.16509852568814248
