2157.5642511857945, 0.0012194376596856495
5841.9977870621815, 0.002021992461899763
15818.271982065997, 0.004520353370390825
42830.849585864555, 0.009109121844132005
115972.31848882113, 0.009999188688754754
314016.1539105057, 0.009415247585920513
448178.63639483333, 0.00895153166314281
639661.6467634933, 0.00965171261912113
381097.395, 0.00964269847244042
912955.2127507436, 0.01038559193083373
1303012.654746406, 0.00830942276964852
1859720.9969519288, 0.010634800934975538
2654281.3486159067, 0.011788955500909222
3788315.2844740236, 0.016510717637986647
5406861.899573347, 0.02203072977165684
7716927.817721717, 0.029854728066935392
11013962.63674247, 0.041579116195748306
15719645.930208107, 0.06249972157199685
22435818.635044295, 0.08325765249215147
32021456.466604836, 0.12494699692621147
45702530.0, 0.1616941059058136
