215.75642511857947, 4.257706511639033e-06
371.36369674430324, 7.3118951082877005e-06
639.1976284543975, 1.5615470355426264e-05
1100.1980317506457, 3.114480886780679e-05
1893.6799124159334, 6.273890005204133e-05
3259.4346719394675, 0.00016558963219924513
5610.195424783952, 0.000510540679934453
9656.36555787713, 0.0011985315796443135
16620.703688044236, 0.002176263905605574
28607.84313000869, 0.0036458708283317615
49240.315206382584, 0.005948965908900028
84753.2835874852, 0.009601485145797574
145878.82000254956, 0.015143044930914873
251089.1522376195, 0.023472262273529238
432178.99877655116, 0.03608856151675708
743873.9798951683, 0.05396422668936413
1280368.7812955838, 0.08268713779406704
2203792.9278657734, 0.11297956918230218
3793206.5666243294, 0.18907110941603644
6528932.857142855, 0.2355326927191375
