215.75642511857947, 1.586098051632127e-06
431.7402130674617, 1.921189189300886e-06
863.9353913891197, 3.1889506601476912e-06
1728.7811927262953, 3.870302640074169e-06
3459.3841647332642, 5.7747372724916176e-06
6922.413807807971, 9.298779070308067e-06
13852.122413882127, 1.6151392835634195e-05
27718.842111511407, 3.5262757387342434e-05
55466.8941730473, 7.576410622690646e-05
110992.23902741421, 0.00014995886895906427
222101.44101244648, 0.00031375141705155374
444436.9311949942, 0.00040886703647883106
889342.2073698064, 0.0006051187461068344
