215.75642511857947, 7.865902438427142e-05
371.36369674430324, 0.00010837171796347899
639.1976284543975, 0.00017443189118087317
1100.1980317506457, 0.00026832091415601375
1893.6799124159334, 0.0004174923531117352
3259.4346719394675, 0.0006844531162631786
5610.195424783952, 0.0012013718814461527
9656.36555787713, 0.0016585795963596375
16620.703688044236, 0.0022546875699423928
28607.84313000869, 0.003772327000576749
49240.315206382584, 0.006017558514956546
84753.2835874852, 0.009487227489904507
145878.82000254956, 0.014714827507591127
251089.1522376195, 0.022176656060156747
432178.99877655116, 0.033294289893573574
743873.9798951683, 0.04801688895300872
1280368.7812955838, 0.07270762604233498
2203792.9278657734, 0.1007677408795574
3793206.5666243294, 0.17783165828161399
6528932.857142855, 0.24958104299013
