215.75642511857947, 4.1096275329758275e-05
418.18426649218725, 6.293749320581778e-05
810.5347529998047, 0.00011247268838557465
1570.9978553981016, 0.00021338020048106542
3044.9456393216856, 0.00028834676249398004
5901.786507579056, 0.0004870444308032036
11438.983846293355, 0.0008827486177561593
22171.312240407682, 0.0015520192415993882
42972.967972232706, 0.0025086879581763103
83291.23492189749, 0.004841565758370605
161437.06479146116, 0.007642038089723836
312901.18237436144, 0.010702234572388407
606472.559803701, 0.015566572605145813
1175479.6290759922, 0.021705171172377552
2278342.7478068722, 0.028512655576170488
4415938.4374568295, 0.0363395452424603
8559077.55853671, 0.042901217109810055
16589408.953634873, 0.04662818020495888
32153989.43972083, 0.047622050140336845
62321631.81818178, 0.020130221365925204
