2157.5642511857945, 3.916205393400954e-05
5841.9977870621815, 0.00011278150086161174
15818.271982065997, 0.0003956687359632449
42830.849585864555, 0.0023055864861987593
115972.31848882113, 0.01098762505168027
314016.1539105057, 0.024228353668397706
448178.63639483333, 0.030836647954933245
639661.6467634933, 0.03861190989138376
381097.395, 0.027674569277181565
912955.2127507436, 0.04751735642769214
1303012.654746406, 0.05736396250577514
1859720.9969519288, 0.06844010880816273
2654281.3486159067, 0.07952333685541639
3788315.2844740236, 0.09002144941287368
5406861.899573347, 0.10241625659296193
7716927.817721717, 0.11769097086374573
11013962.63674247, 0.13084044954620574
15719645.930208107, 0.15854997860485018
22435818.635044295, 0.1741352018430836
32021456.466604836, 0.21462300350694413
45702530.0, 0.21580186850975028
