215.75642511857947, 0.0008281791419245404
388.2993339032812, 0.0009411073852738454
698.8268026171897, 0.0010454048391794562
1257.6866798793083, 0.001374622224725935
2263.4732652237967, 0.0020224405341465945
4073.599016628311, 0.00298649039661122
7331.3032688435305, 0.005068742299787447
13194.231292858734, 0.008050306500265638
23745.810673156568, 0.005588589510835722
42735.61013217837, 0.005490788903907741
76911.77187031627, 0.008078639450839776
138419.00546021396, 0.011750017992264668
249114.28519552105, 0.010967445394104195
448333.8605283692, 0.010866936043556425
806871.6345933805, 0.013723834794966193
1452136.2137228039, 0.022704784639045617
2613426.3404461686, 0.03947378848657867
4703413.613952919, 0.07133100358559155
8464787.88460548, 0.12392673520855617
15234176.66666666, 0.2481594584175496
