215.75642511857947, 0.00023136889147972367
431.7402130674617, 0.00023988398564515713
863.9353913891197, 0.0002817043594514474
1728.7811927262953, 0.00028008370994098944
3459.3841647332642, 0.00031587721829802446
6922.413807807971, 0.00040411063162014096
13852.122413882127, 0.0005437598819761931
27718.842111511407, 0.0009090404280742981
55466.8941730473, 0.001406121850414419
110992.23902741421, 0.001800738940623119
222101.44101244648, 0.0028258374011328863
444436.9311949942, 0.0015976125003619775
889342.2073698064, 0.0017762523157240917
