215.75642511857947, 7.100057332148196e-07
418.18426649218725, 1.6039145907705268e-06
810.5347529998047, 3.824719408760488e-06
1570.9978553981016, 8.976334777955226e-06
3044.9456393216856, 1.8588182884328963e-05
5901.786507579056, 3.893857671962061e-05
11438.983846293355, 0.00010158203337801669
22171.312240407682, 0.0002431338977045529
42972.967972232706, 0.0006283085161421178
83291.23492189749, 0.0024451410229216954
161437.06479146116, 0.007289251745117271
312901.18237436144, 0.013714342708956712
606472.559803701, 0.020885289389688012
1175479.6290759922, 0.02984653522683221
2278342.7478068722, 0.03842247556259518
4415938.4374568295, 0.04341719757828063
8559077.55853671, 0.04110176434852484
16589408.953634873, 0.029891492959278378
32153989.43972083, 0.014503353457177142
62321631.81818178, 0.0012201436885858423
