215.75642511857947, 0.0008809232970902333
371.36369674430324, 0.0010122317245214113
639.1976284543975, 0.0012538013569496538
1100.1980317506457, 0.001620095182775633
1893.6799124159334, 0.0025206315297409284
3259.4346719394675, 0.003917230306575341
5610.195424783952, 0.005767607786483867
9656.36555787713, 0.005021774729983999
16620.703688044236, 0.005047803138451116
28607.84313000869, 0.015363774392662398
49240.315206382584, 0.013711105015247619
84753.2835874852, 0.008802334313272606
145878.82000254956, 0.010815532919778392
251089.1522376195, 0.012871445490338643
432178.99877655116, 0.015054956878755375
743873.9798951683, 0.02319537456300017
1280368.7812955838, 0.04855757674112161
2203792.9278657734, 0.07341366863610162
3793206.5666243294, 0.1576159266332356
6528932.857142855, 0.23951832005980583
