2157.5642511857945, 1.880978252780635e-05
5841.9977870621815, 5.0704873981577743e-05
15818.271982065997, 0.00019301249529720532
42830.849585864555, 0.001098406409869015
115972.31848882113, 0.0015978988445303618
314016.1539105057, 0.0019591802366991417
448178.63639483333, 0.002103731386626313
639661.6467634933, 0.002535438125011569
381097.395, 0.002142889390712136
912955.2127507436, 0.003262569624608289
1303012.654746406, 0.0032377817364008673
1859720.9969519288, 0.004806729972245055
2654281.3486159067, 0.0068412758581268855
3788315.2844740236, 0.010833852515164761
5406861.899573347, 0.016650765754456436
7716927.817721717, 0.025929481341452808
11013962.63674247, 0.038966998633079473
15719645.930208107, 0.06231344324490194
22435818.635044295, 0.08688407212133048
32021456.466604836, 0.12136022540240467
45702530.0, 0.12625882221664297
