215.75642511857947, 4.646463749169771e-06
388.2993339032812, 7.784456301214285e-06
698.8268026171897, 1.2780103197866754e-05
1257.6866798793083, 2.533207340604481e-05
2263.4732652237967, 5.6532751577448836e-05
4073.599016628311, 0.00012115025696294709
7331.3032688435305, 0.000303232973161625
13194.231292858734, 0.0010522191850737632
23745.810673156568, 0.0026175443822721526
42735.61013217837, 0.005010575091559202
76911.77187031627, 0.008562099605240151
138419.00546021396, 0.013794147174301776
249114.28519552105, 0.0221244080092414
448333.8605283692, 0.034257912655892064
806871.6345933805, 0.05157986348742714
1452136.2137228039, 0.07441012682187384
2613426.3404461686, 0.10298795073820421
4703413.613952919, 0.1499776746262825
8464787.88460548, 0.1914435679668096
15234176.66666666, 0.3576722542115887
