215.75642511857947, 9.243533554050366e-05
388.2993339032812, 0.0001219293971973798
698.8268026171897, 0.0001646780488040135
1257.6866798793083, 0.0002592031399336972
2263.4732652237967, 0.00044550804010640486
4073.599016628311, 0.0007402216472179703
7331.3032688435305, 0.0011618289191024718
13194.231292858734, 0.002184091290700924
23745.810673156568, 0.0030897758591720247
42735.61013217837, 0.004310950749253827
76911.77187031627, 0.007156092736658963
138419.00546021396, 0.01106066336039999
249114.28519552105, 0.01705093316116921
448333.8605283692, 0.024881518504093196
806871.6345933805, 0.03509376946143205
1452136.2137228039, 0.048851004531368016
2613426.3404461686, 0.06438757488124337
4703413.613952919, 0.0895220470138218
8464787.88460548, 0.12440221167535198
15234176.66666666, 0.22562509982932974
