215.75642511857947, 5.7523978633137e-06
388.2993339032812, 7.81320835997657e-06
698.8268026171897, 1.077876492834509e-05
1257.6866798793083, 1.8011148649695808e-05
2263.4732652237967, 3.713926775828748e-05
4073.599016628311, 7.680847360597409e-05
7331.3032688435305, 0.00021873074011328258
13194.231292858734, 0.0006521934660970005
23745.810673156568, 0.0006159421898535353
42735.61013217837, 0.0007280109208942662
76911.77187031627, 0.0011104372108301731
138419.00546021396, 0.0018911457816276976
249114.28519552105, 0.002230077993679138
448333.8605283692, 0.0029421826387879485
806871.6345933805, 0.005006329811752859
1452136.2137228039, 0.01071704502590114
2613426.3404461686, 0.02396638705953293
4703413.613952919, 0.0535593733685624
8464787.88460548, 0.10865483861968923
15234176.66666666, 0.21971992077440233
