215.75642511857947, 4.0434330612030275e-06
422.6243740250062, 4.255657448393241e-06
827.8379724815313, 5.517834066945568e-06
1621.5716622198036, 7.8858114398048e-06
3176.3397465715548, 1.4269297612394664e-05
6221.824431637519, 2.4986629165500482e-05
12187.329551224871, 5.138622596150423e-05
23872.580016062384, 0.0001441394528682168
46761.68591551914, 0.00033350503961712707
91596.93959305597, 0.0003526164041688353
179420.37757089242, 0.0007472253127398606
351449.20813623123, 0.0010727503503455977
688419.8304107332, 0.001344007281843894
1348478.9606327375, 0.0019839609345007284
2641404.891233646, 0.0030780992830641337
5173992.329965041, 0.0066124780316344466
10134832.686720131, 0.014775295003766006
19852142.60812489, 0.034579927655498825
38886440.291188635, 0.06330954174288342
76170883.33333328, 0.08123599371402535
