215.75642511857947, 2.2277884809396147e-06
422.6243740250062, 3.5523565537239827e-06
827.8379724815313, 6.4854949925786485e-06
1621.5716622198036, 1.2929088007459372e-05
3176.3397465715548, 2.334172946539343e-05
6221.824431637519, 4.0912625446722805e-05
12187.329551224871, 8.178334891574768e-05
23872.580016062384, 0.00020415341900723429
46761.68591551914, 0.00045789084495701177
91596.93959305597, 0.0014544036785690353
179420.37757089242, 0.005089095290581789
351449.20813623123, 0.011164144815001269
688419.8304107332, 0.01749900732356278
1348478.9606327375, 0.026022017070937542
2641404.891233646, 0.03588553100668831
5173992.329965041, 0.04704418447270258
10134832.686720131, 0.05914734223402573
19852142.60812489, 0.08107428458029847
38886440.291188635, 0.11056109777051905
76170883.33333328, 0.11308887049112719
