215.75642511857947, 0.0009092173788879847
377.99877775909243, 0.0009979505689698734
662.2425075352421, 0.0011785907638488904
1160.2289864177103, 0.0014995944328819212
2032.6863431553904, 0.0021850623590421066
3561.2054327376386, 0.003637443038615197
6239.124977084848, 0.005759998984500676
10930.7596023068, 0.004395109585620494
19150.362578447384, 0.016616440136436306
33550.860162417586, 0.0147048810178747
58780.09949038573, 0.010703920449583662
102980.96917258526, 0.009969476905721492
180419.56552760824, 0.009576361384154063
316089.66090247704, 0.011903712543579366
553779.5938997195, 0.014942452288990842
970205.2188108601, 0.023921133921843772
1699770.4086190732, 0.04259028941303798
2977946.712715323, 0.07932838175535331
5217273.21454939, 0.16195352489901993
9140506.0, 0.24481077965994436
