215.75642511857947, 6.339813259152511e-05
422.6243740250062, 8.232639691827724e-05
827.8379724815313, 0.0001227859596235614
1621.5716622198036, 0.00019652390518688035
3176.3397465715548, 0.00029458458591648316
6221.824431637519, 0.000419226997875366
12187.329551224871, 0.0006924609166409277
23872.580016062384, 0.0012919544759977667
46761.68591551914, 0.0020337459012685828
91596.93959305597, 0.003523522038215019
179420.37757089242, 0.006349471640189716
351449.20813623123, 0.007903451534209611
688419.8304107332, 0.011486474412159218
1348478.9606327375, 0.015997103913586115
2641404.891233646, 0.02103080288797878
5173992.329965041, 0.026941673116384936
10134832.686720131, 0.031092614543596048
19852142.60812489, 0.03664894457958649
38886440.291188635, 0.06640264697229432
76170883.33333328, 0.15782014299432795
