215.75642511857947, 6.277373978994756e-06
371.36369674430324, 8.38844814630794e-06
639.1976284543975, 1.4308391578456017e-05
1100.1980317506457, 2.4204749844273378e-05
1893.6799124159334, 4.704679572869379e-05
3259.4346719394675, 0.00013489093746855903
5610.195424783952, 0.00032656865306738376
9656.36555787713, 0.00039417329009205595
16620.703688044236, 0.0004938870458347654
28607.84313000869, 0.0016411199697997398
49240.315206382584, 0.0016806037971530885
84753.2835874852, 0.0012545034824505182
145878.82000254956, 0.0018105622731735323
251089.1522376195, 0.0029351079536590182
432178.99877655116, 0.004664987487142938
743873.9798951683, 0.009053291302851938
1280368.7812955838, 0.023031216001339023
2203792.9278657734, 0.04390139574673845
3793206.5666243294, 0.11249104992514485
6528932.857142855, 0.17836918012664937
