442.9317807615229, 1.925001925001925e-05
736.3434241717069, 3.3687533687533685e-05
1224.119970323012, 4.812504812504813e-05
2035.014712637923, 0.0001203126203126203
3383.071088661383, 0.00028393778393778394
5624.121496448797, 0.0005775005775005774
9349.712665758116, 0.001256063756063756
15543.25008580187, 0.0020863570391872277
25839.577307501135, 0.0037272179040471723
42956.50856446231, 0.006298773690078039
71412.2218830977, 0.009731512448903754
118717.87546764748, 0.014230769230769233
197360.24988304832, 0.025320512820512817
328097.75343826925, 0.036217948717948714
545439.8029746577, 0.05822649572649573
906755.9151239608, 0.09044471153846154
1507418.9399604462, 0.1340811965811966
2505979.638677992, 0.15673076923076923
4166017.67630268, 0.2403846153846154
6925715.999999996, 0.36538461538461536
5545866.84, 0.34375
3335998.66, 0.24158653846153846
2006699.29, 0.1538461538461538
