442.9317807615229, 0.00021863818995150055
736.3434241717069, 0.00018051704910209302
1224.119970323012, 0.00021414294545783272
2035.014712637923, 0.0003672354279850111
3383.071088661383, 0.0006666839187562578
5624.121496448797, 0.0008465632335141304
9349.712665758116, 0.001435054721031848
15543.25008580187, 0.0020246289246123876
25839.577307501135, 0.003238976649191916
42956.50856446231, 0.005495826740560689
71412.2218830977, 0.009794224508185902
118717.87546764748, 0.011920595275235894
197360.24988304832, 0.020146468115150928
328097.75343826925, 0.029092608146807582
545439.8029746577, 0.04557256744289072
906755.9151239608, 0.0678893724754405
1507418.9399604462, 0.0998903057318125
2505979.638677992, 0.1295438914904335
4166017.67630268, 0.20389755036626822
6925715.999999996, 0.2217800498975153
5545866.84, 0.23175620272173947
3335998.66, 0.1395007658220586
2006699.29, 0.10425091187368282
