442.9317807615229, 0.0
814.6249481257319, 0.0
1498.2302804461551, 6.923988685771427e-05
2755.4937746631736, 6.923988685771427e-05
5067.809696081215, 0.000425655100648516
9320.541875959849, 0.0007292016804790017
17142.02112377997, 0.0013313775211126948
31527.0176475504, 0.001867444109480995
57983.410157517, 0.0030043600695239293
106641.1003755718, 0.005220971114306848
196130.6563104665, 0.008327709679930623
360716.78001539066, 0.012326497451567948
663417.9369629114, 0.016772244783252042
1220135.5286697436, 0.02275521575338149
2244031.4398756195, 0.03185239064715205
4127145.7021175404, 0.04539052869505531
7590504.902841913, 0.05873579520046273
13960196.4259478, 0.06975365641320455
25675114.731574617, 0.04913368498960222
47220790.90909095, 0.0
