442.9317807615229, 6.923988685771427e-05
814.6249481257319, 0.00013747263472208454
1498.2302804461551, 0.00022608530928132652
2755.4937746631736, 0.0002355670718895899
5067.809696081215, 0.0006377976151932437
9320.541875959849, 0.0009477458183960108
17142.02112377997, 0.0016408877201144285
31527.0176475504, 0.002176609261579755
57983.410157517, 0.0033029914292946405
106641.1003755718, 0.005357076647670045
196130.6563104665, 0.008339894006012444
360716.78001539066, 0.01226104057009652
663417.9369629114, 0.016693696451687105
1220135.5286697436, 0.022545151543349063
2244031.4398756195, 0.032799649920927806
4127145.7021175404, 0.04889985755436904
7590504.902841913, 0.06513117695280252
13960196.4259478, 0.07712148601438035
25675114.731574617, 0.08638623244180642
47220790.90909095, 0.08368699608427506
