442.9317807615229, 4.812504812504812e-06
756.4089567299069, 2.4062524062524063e-05
1291.74408943412, 4.812504812504813e-05
2205.9532449240883, 0.00013956263956263956
3767.1778478374067, 0.00029837529837529835
6433.331699070181, 0.0004908754908754909
10986.409036679897, 0.0010828135828135827
18761.846764202593, 0.0024688149688149685
32040.213761219664, 0.004439696106362773
54716.111413048246, 0.006937682570593962
93440.47672330975, 0.011941127464593167
159571.33035951207, 0.01988366571699905
272505.13231117174, 0.035273279352226725
465365.8459111968, 0.05236013986013987
794720.3368388278, 0.0791766826923077
1357169.6748577885, 0.11133603238866395
2317682.6374925715, 0.15909090909090912
3957981.752500764, 0.23157051282051277
6759173.710718709, 0.2980769230769231
11542860.000000011, 0.36778846153846156
9151016.855, 0.36778846153846156
5358577.73, 0.24879807692307693
3137832.1950000003, 0.19230769230769232
