442.9317807615229, 0.0
823.274298802972, 8.666675333342e-06
1530.2143592050027, 3.0333363666697e-05
2844.199057983184, 6.0666727333394e-05
5286.4935116902, 9.966676633343301e-05
9825.969659437193, 0.00030766697433364095
18263.463207639754, 0.000554667221333888
33946.175278126815, 0.0013260013260013262
63095.52590941633, 0.002379002379002379
117275.22635962543, 0.00468000468000468
217978.66836781162, 0.0072886739553406224
405155.4734816737, 0.009850347878516892
753059.7325017834, 0.011232693448436889
1399707.020720548, 0.014822134387351778
2601625.9524934306, 0.01824366110080396
4835624.524625892, 0.020313020313020316
8987942.529075949, 0.028058361391694722
16705827.86040898, 0.03308596165739022
31051009.015553825, 0.045454545454545456
57714300.00000005, 0.06277056277056277
44382654.51, 0.048701298701298704
23878418.439999998, 0.0355940355940356
12846885.195, 0.033670033670033676
