442.9317807615229, 2.4062524062524063e-05
723.418254669703, 3.3687533687533685e-05
1181.522739889205, 7.7000077000077e-05
1929.7218115026358, 0.00014437514437514438
3151.717816398699, 0.00034168784168784173
5147.542581005546, 0.0006448756448756449
8407.22303418084, 0.0012801262801262802
13731.095573113944, 0.002181267806267806
22426.30948072147, 0.0031878218973251373
36627.76609827644, 0.005045528676270726
59822.29267384965, 0.008253668297020896
97704.74921002986, 0.013561320754716982
159576.26482556734, 0.020857988165680477
260627.90705229598, 0.03229783037475346
425670.4843211555, 0.05929487179487179
695226.2452303312, 0.059409340659340656
1135478.1453261382, 0.1169871794871795
1854519.4853599495, 0.17115384615384613
3028893.6301736515, 0.21634615384615385
4946939.999999995, 0.3317307692307692
3987916.815, 0.30528846153846156
2441706.56, 0.20552884615384615
1494998.8199999998, 0.12339743589743589
