442.9317807615229, 8.666675333342e-06
756.4089567299069, 3.9000039000039e-05
1291.74408943412, 7.8000078000078e-05
2205.9532449240883, 0.000238333571666905
3767.1778478374067, 0.00045066711733378405
6433.331699070181, 0.000758334091667425
10986.409036679897, 0.001482001482001482
18761.846764202593, 0.002847002847002847
32040.213761219664, 0.004409171075837743
54716.111413048246, 0.0062651834803733545
93440.47672330975, 0.008298560645131042
159571.33035951207, 0.011544011544011546
272505.13231117174, 0.014855320118478014
465365.8459111968, 0.014482487209759937
794720.3368388278, 0.017992424242424244
1357169.6748577885, 0.022100706311232624
2317682.6374925715, 0.048406139315230225
3957981.752500764, 0.0808080808080808
6759173.710718709, 0.14574314574314573
11542860.000000011, 0.22294372294372294
9151016.855, 0.24891774891774893
5358577.73, 0.09956709956709957
3137832.1950000003, 0.0698051948051948
