442.9317807615229, 0.0
823.274298802972, 4.812504812504812e-06
1530.2143592050027, 1.925001925001925e-05
2844.199057983184, 3.85000385000385e-05
5286.4935116902, 7.218757218757219e-05
9825.969659437193, 0.00019731269731269733
18263.463207639754, 0.00035131285131285127
33946.175278126815, 0.0009432509432509433
63095.52590941633, 0.001867251867251867
117275.22635962543, 0.004952067452067452
217978.66836781162, 0.010698198198198198
405155.4734816737, 0.018305344889851933
753059.7325017834, 0.029757232563355013
1399707.020720548, 0.04562081939799331
2601625.9524934306, 0.06593406593406594
4835624.524625892, 0.08505917159763314
8987942.529075949, 0.09490740740740741
16705827.86040898, 0.08516483516483514
31051009.015553825, 0.07211538461538461
57714300.00000005, 0.06490384615384616
44382654.51, 0.06850961538461539
23878418.439999998, 0.07425213675213677
12846885.195, 0.09561965811965814
