442.9317807615229, 0.00015332190192186406
723.418254669703, 0.00020547761261462613
1181.522739889205, 0.0003163100932693267
1929.7218115026358, 0.0004371704377137047
3151.717816398699, 0.0006897681069775241
5147.542581005546, 0.0009199314115311846
8407.22303418084, 0.0013238849986748195
13731.095573113944, 0.0024701837933435136
22426.30948072147, 0.003002171061447952
36627.76609827644, 0.00468036475401575
59822.29267384965, 0.007984960532123254
97704.74921002986, 0.011832072413757593
159576.26482556734, 0.018589089603907188
260627.90705229598, 0.027426769552868574
425670.4843211555, 0.04575032828083397
695226.2452303312, 0.0616823630861513
1135478.1453261382, 0.09064054963063636
1854519.4853599495, 0.13705212155843718
3028893.6301736515, 0.18688261274593085
4946939.999999995, 0.23626273798664643
3987916.815, 0.2438097332362063
2441706.56, 0.14751371883598652
1494998.8199999998, 0.1071563088359239
