442.9317807615229, 1.4437514437514437e-05
801.4350052568228, 3.85000385000385e-05
1450.1060785178126, 3.85000385000385e-05
2623.803084668677, 0.00010587510587510587
4747.475187576285, 0.00021656271656271656
8590.019879292335, 0.0004812504812504812
15542.670284983311, 0.001174251174251174
28122.70553297071, 0.002276314776314776
50884.85774920576, 0.0060445060445060445
92070.40002325803, 0.01178101178101178
166590.98473307706, 0.02061211260649463
301427.5618149341, 0.034618179785330945
545399.1112860976, 0.055035425101214584
986838.0608615186, 0.08461538461538462
1785571.956779505, 0.12135278514588858
3230790.6831785594, 0.1600060096153846
5845750.656467306, 0.18834841628959273
10577225.233287971, 0.1933760683760684
19138293.815513726, 0.1490384615384615
34628579.99999998, 0.11378205128205127
26883436.91, 0.16666666666666666
14857759.525, 0.19310897435897434
8211487.945, 0.1907051282051282
