442.9317807615229, 9.273747582661755e-05
807.4938998705517, 0.0002854745497358934
1472.1147288350005, 0.0005709490994717868
2683.762410094186, 0.000981957645405116
4892.676183964633, 0.0026619323295899023
8919.671931873652, 0.004404138018015882
16261.151235188667, 0.010326535503100084
29645.15304075014, 0.016389526327288344
54045.072584266054, 0.023621652825038066
98527.73796187037, 0.030109533142444352
179622.57581848826, 0.03563643637230435
327463.82299119234, 0.03876554540366538
596988.1841376515, 0.03593798340421091
1088348.9013977493, 0.03893380524362583
1984131.9521000173, 0.04485483583372682
3617203.6359739946, 0.045805526746174906
6594401.209181226, 0.04747219537276575
12022029.082125874, 0.06989163747357115
21916953.28610819, 0.09263664675390655
39956053.84615381, 0.13524241863041825
30936503.57, 0.14536404339928455
16969491.185, 0.07735063507114195
9308215.145, 0.05988083061735337
