442.9317807615229, 8.666675333342e-06
807.4938998705517, 3.0333363666697e-05
1472.1147288350005, 6.0666727333394e-05
2683.762410094186, 0.00010833344166677499
4892.676183964633, 0.000290333623666957
8919.671931873652, 0.000524333857667191
16261.151235188667, 0.0012956679623346292
29645.15304075014, 0.002301002301002301
54045.072584266054, 0.004350671017337684
98527.73796187037, 0.007063340396673729
179622.57581848826, 0.010001079253156814
327463.82299119234, 0.012997944816126634
596988.1841376515, 0.013964530093562352
1088348.9013977493, 0.018589253883371532
1984131.9521000173, 0.023443223443223443
3617203.6359739946, 0.029560915275200987
6594401.209181226, 0.039188881294144454
12022029.082125874, 0.05627705627705628
21916953.28610819, 0.06233766233766233
39956053.84615381, 0.06926406926406925
30936503.57, 0.08513708513708512
16969491.185, 0.0525664811379097
9308215.145, 0.05061605061605062
