442.9317807615229, 0.0003709499033064702
736.3434241717069, 0.00048117612478249016
1224.119970323012, 0.0008368167597585308
2035.014712637923, 0.0018896234272746987
3383.071088661383, 0.00403270563612514
5624.121496448797, 0.007010935923870517
9349.712665758116, 0.013506099401806648
15543.25008580187, 0.017942997829696952
25839.577307501135, 0.02546945993332855
42956.50856446231, 0.03343610296629259
71412.2218830977, 0.03063760364544753
118717.87546764748, 0.04246901427618964
197360.24988304832, 0.0366026183556259
328097.75343826925, 0.03939391002881973
545439.8029746577, 0.0507409279658593
906755.9151239608, 0.0455944430332149
1507418.9399604462, 0.05951202627502277
2505979.638677992, 0.08672714783128073
4166017.67630268, 0.16213070020419207
6925715.999999996, 0.24711373379242563
5545866.84, 0.2467722328839064
3335998.66, 0.14872193408053577
2006699.29, 0.07493973758664739
