442.9317807615229, 0.00019639152908102305
801.4350052568228, 0.0005709490994717868
1450.1060785178126, 0.0005709490994717868
2623.803084668677, 0.0015329484407773516
4747.475187576285, 0.0030108870818683743
8590.019879292335, 0.006214160326614682
15542.670284983311, 0.012076389347740225
28122.70553297071, 0.01898583643524383
50884.85774920576, 0.02938655039344893
92070.40002325803, 0.03493279515392092
166590.98473307706, 0.039949113794228566
301427.5618149341, 0.043601598497008585
545399.1112860976, 0.03793832785063696
986838.0608615186, 0.0407289449425676
1785571.956779505, 0.04944405938641886
3230790.6831785594, 0.058859996413271054
5845750.656467306, 0.057522116996547586
10577225.233287971, 0.06003456393024045
19138293.815513726, 0.09035079029052515
34628579.99999998, 0.1437072958675137
26883436.91, 0.14989166636274615
14857759.525, 0.09744267253179875
8211487.945, 0.06447851366601352
