442.9317807615229, 0.00011934623823474677
801.4350052568228, 0.00021608093016712524
1450.1060785178126, 0.00021608093016712524
2623.803084668677, 0.0004792249666783938
4747.475187576285, 0.0007705870708116142
8590.019879292335, 0.0012983420904687185
15542.670284983311, 0.002125449710665587
28122.70553297071, 0.0028913463230132966
50884.85774920576, 0.00508601392153515
92070.40002325803, 0.007255904013025079
166590.98473307706, 0.011903887846039773
301427.5618149341, 0.017286578197991537
545399.1112860976, 0.0230793506562843
986838.0608615186, 0.032102000687198075
1785571.956779505, 0.04365843483656202
3230790.6831785594, 0.058463203622679025
5845750.656467306, 0.07861584025407763
10577225.233287971, 0.08917580871164635
19138293.815513726, 0.10874740696085612
34628579.99999998, 0.15805377323366587
26883436.91, 0.16984155512168939
14857759.525, 0.10190783126584058
8211487.945, 0.08738016589881785
