442.9317807615229, 0.0
814.6249481257319, 1.4437514437514437e-05
1498.2302804461551, 3.85000385000385e-05
2755.4937746631736, 4.331254331254331e-05
5067.809696081215, 0.00015881265881265884
9320.541875959849, 0.0002598752598752599
17142.02112377997, 0.0007266882266882266
31527.0176475504, 0.0013860013860013858
57983.410157517, 0.0032099407099407096
106641.10037557178, 0.0075700700700700695
196130.65631046647, 0.014504840397697541
360716.78001539066, 0.024580456078368392
663417.9369629114, 0.03960798816568048
1220135.5286697436, 0.060829241680305506
2244031.4398756195, 0.08875253036437246
4127145.7021175404, 0.11608818011257037
7590504.902841913, 0.1256555944055944
13960196.4259478, 0.13068181818181818
25675114.731574617, 0.09294871794871794
47220790.90909095, 0.11298076923076923
36447952.82, 0.08774038461538461
19817655.58, 0.1015625
10775350.665, 0.13205128205128203
