442.9317807615229, 0.00037632736180674513
723.418254669703, 0.0006491623307863223
1181.522739889205, 0.0013933415847122664
1929.7218115026358, 0.0024180101838280595
3151.717816398699, 0.004154696949865111
5147.542581005546, 0.007133058155509128
8407.22303418084, 0.01259175917434255
13731.095573113944, 0.019836680917022207
22426.30948072147, 0.02676721793647559
36627.76609827644, 0.03083033755461346
59822.29267384965, 0.03321008037907864
97704.74921002986, 0.039276632041357985
159576.26482556734, 0.049305194768929084
260627.90705229598, 0.056959823497266415
425670.4843211555, 0.06576400910138243
695226.2452303312, 0.041196390211732305
1135478.1453261382, 0.08492076773714645
1854519.4853599495, 0.09774734564435807
3028893.6301736515, 0.15804654049169486
4946939.999999995, 0.24477064836757018
3987916.815, 0.24281045302822782
2441706.56, 0.11785113019775792
1494998.8199999998, 0.08199118453591192
