442.9317807615229, 0.0
823.274298802972, 6.923988685771427e-05
1530.2143592050027, 0.0001374726347220845
2844.199057983184, 0.00021608093016712524
5286.4935116902, 0.00037963922425835703
9825.969659437193, 0.0007568801824452786
18263.463207639754, 0.0010648475748403295
33946.175278126815, 0.0018116508015216318
63095.52590941633, 0.0026303585829817256
117275.22635962543, 0.004128643923854176
217978.66836781162, 0.006337992100625506
405155.4734816737, 0.008999035804389205
753059.7325017834, 0.01232637464003699
1399707.020720548, 0.016741259101861045
2601625.9524934306, 0.023738436209171057
4835624.524625892, 0.032244618677126205
8987942.529075949, 0.04306283062024315
16705827.86040898, 0.048096542307724165
31051009.015553825, 0.08417657683762113
57714300.00000005, 0.16804586823650547
44382654.51, 0.1115071138807113
23878418.439999998, 0.057709616745001795
12846885.195, 0.04555029856135321
