442.9317807615229, 6.923988685771427e-05
807.4938998705517, 0.0001374726347220845
1472.1147288350005, 0.00021608093016712524
2683.762410094186, 0.00037963922425835703
4892.676183964633, 0.0007568801824452786
8919.671931873652, 0.0010641622361658007
16261.151235188667, 0.0019164588188163307
29645.15304075014, 0.0025581847000764285
54045.072584266054, 0.003974112159742459
98527.73796187037, 0.006628655452840892
179622.57581848826, 0.010139700327039234
327463.82299119234, 0.015377424170367889
596988.1841376515, 0.0201567491993436
1088348.9013977493, 0.027602187231079243
1984131.9521000173, 0.036798285052169415
3617203.6359739946, 0.053279707270771255
6594401.209181226, 0.06678196787993228
12022029.082125874, 0.07908032767289265
21916953.28610819, 0.10867937072555112
39956053.84615381, 0.1502569435319144
30936503.57, 0.16614192541915943
16969491.185, 0.08747099162051081
9308215.145, 0.07622291732537427
