442.9317807615229, 0.0
814.6249481257319, 0.0
1498.2302804461551, 4.812504812504812e-06
2755.4937746631736, 4.812504812504812e-06
5067.809696081215, 8.18125818125818e-05
9320.541875959849, 0.0001491876491876492
17142.02112377997, 0.00048606298606298603
31527.0176475504, 0.0009288134288134288
57983.410157517, 0.0025410025410025415
106641.1003755718, 0.00667013167013167
196130.6563104665, 0.013376504447933018
360716.78001539066, 0.022512847277982972
663417.9369629114, 0.035854289940828406
1220135.5286697436, 0.05400981996726677
2244031.4398756195, 0.07635374493927126
4127145.7021175404, 0.09392589118198875
7590504.902841913, 0.08828671328671328
13960196.4259478, 0.06687062937062938
25675114.731574617, 0.016025641025641024
47220790.90909095, 0.0
