442.9317807615229, 4.812504812504812e-06
814.6249481257319, 1.925001925001925e-05
1498.2302804461551, 4.331254331254331e-05
2755.4937746631736, 4.812504812504813e-05
5067.809696081215, 0.0001636251636251636
9320.541875959849, 0.0002646877646877647
17142.02112377997, 0.0007315007315007316
31527.0176475504, 0.0013908138908138906
57983.410157517, 0.003214753214753215
106641.1003755718, 0.007565257565257565
196130.6563104665, 0.014483036804465376
360716.78001539066, 0.024500160590974783
663417.9369629114, 0.03947855029585799
1220135.5286697436, 0.06045417348608838
2244031.4398756195, 0.08723431174089069
4127145.7021175404, 0.11210131332082553
7590504.902841913, 0.11669580419580419
13960196.4259478, 0.0944055944055944
25675114.731574617, 0.06650641025641026
47220790.90909095, 0.014423076923076924
