442.9317807615229, 0.0
814.6249481257319, 0.00011934623823474677
1498.2302804461551, 0.00021608093016712524
2755.4937746631736, 0.00022608530928132654
5067.809696081215, 0.0006352324058041791
9320.541875959849, 0.0009465354067506701
17142.02112377997, 0.001635678281548042
31527.0176475504, 0.0021741445912828983
57983.410157517, 0.0033025671828871
106641.10037557178, 0.005350724128009452
196130.65631046647, 0.008330155104560904
360716.78001539066, 0.012332543725686764
663417.9369629114, 0.016797881173792547
1220135.5286697436, 0.022816443954590225
2244031.4398756195, 0.0315712392581562
4127145.7021175404, 0.04435806829122359
7590504.902841913, 0.05526340679989885
13960196.4259478, 0.0658661241669656
25675114.731574617, 0.0843746575710781
47220790.90909095, 0.20910698314357723
36447952.82, 0.11931773154644926
19817655.58, 0.07024569475926291
10775350.665, 0.06096150475881406
