442.9317807615229, 0.0
823.274298802972, 9.273747582661755e-05
1530.2143592050027, 0.0002854745497358934
2844.199057983184, 0.0005709490994717868
5286.4935116902, 0.0008951043652251228
9825.969659437193, 0.0025295930542080995
18263.463207639754, 0.004406823314934798
33946.175278126815, 0.008833398028189951
63095.52590941633, 0.01365949417670273
117275.22635962543, 0.01910681158139157
217978.66836781162, 0.024224033516927673
405155.4734816737, 0.02777253793435008
753059.7325017834, 0.026766646917238474
1399707.020720548, 0.029080529699354908
2601625.9524934306, 0.03114943787127527
4835624.524625892, 0.02957288572088063
8987942.529075949, 0.03143681506505683
16705827.86040898, 0.046864121687280325
31051009.015553825, 0.08044652158595296
57714300.00000005, 0.16566574128270523
44382654.51, 0.10433484203458897
23878418.439999998, 0.05485092944742061
12846885.195, 0.04121755961690045
