442.9317807615229, 4.812504812504812e-06
807.4938998705517, 1.925001925001925e-05
1472.1147288350005, 3.85000385000385e-05
2683.762410094186, 7.218757218757219e-05
4892.676183964633, 0.00019731269731269733
8919.671931873652, 0.0003465003465003465
16261.151235188667, 0.0009480634480634481
29645.15304075014, 0.0017565642565642566
54045.072584266054, 0.0043745668745668745
98527.73796187037, 0.009942634942634945
179622.57581848826, 0.017765821436181547
327463.82299119234, 0.029950951825951824
596988.1841376515, 0.047877525700106345
1088348.9013977493, 0.07389301874595991
1984131.9521000173, 0.10584319526627219
3617203.6359739946, 0.1412087912087912
6594401.209181226, 0.1591599190283401
12022029.082125874, 0.15961538461538463
21916953.28610819, 0.13557692307692307
39956053.84615381, 0.09455128205128203
30936503.57, 0.1314102564102564
16969491.185, 0.14148351648351645
9308215.145, 0.16420118343195267
