486.5075821345223, 6.659607505687228e-05
1726.4704162809649, 0.0013375484974944803
6126.728971449383, 0.0028309948892657672
21741.935184997976, 0.004320074116792825
77155.64827357206, 0.0048409701179040095
273802.4012058856, 0.005502414225996945
430418.22812363884, 0.004852173359745021
676618.796201817, 0.005024138902044856
1063646.8566152055, 0.005907927159880774
1672056.1739315926, 0.007030470484848878
2628477.5171334655, 0.008372326197902789
4131974.8497628914, 0.01017368453408431
6495477.342980134, 0.013498982297835008
10210910.629233224, 0.016464295076271278
16051583.336037312, 0.01635969474863509
25233139.036209434, 0.022729326916001675
39666573.21531646, 0.020356041592158765
62355976.7331438, 0.027795387965907147
98023789.78487088, 0.057096613988861504
154093703.07692295, 0.0
126058746.43, 0.0
80189883.255, 0.04212502518591034
51011274.974999994, 0.024335230451830323
