486.5075821345223, 3.981442496523703e-07
1726.4704162809649, 1.9509068232966144e-05
6126.728971449383, 7.75054139323281e-05
21741.935184997976, 0.0005857365486135787
77155.64827357206, 0.0014591323176009951
273802.4012058856, 0.0032754000271401663
430418.22812363884, 0.0035047311149399313
676618.796201817, 0.004276622818014113
1063646.8566152055, 0.005696373035070771
1672056.1739315926, 0.0076057302931105
2628477.5171334655, 0.010267780820961919
4131974.8497628914, 0.014192354435973924
6495477.342980134, 0.01952357692374788
10210910.629233224, 0.027371284940890504
16051583.336037312, 0.03877582587559386
25233139.036209434, 0.05422954137082845
39666573.21531646, 0.07571539056457849
62355976.7331438, 0.11127420805909367
98023789.78487088, 0.1596619158104077
154093703.07692295, 0.14765219312783115
126058746.43, 0.17388133907855485
80189883.255, 0.14268478621146838
51011274.974999994, 0.09327146171693738
