486.5075821345223, 1.2674258613933788e-05
1400.9884221763525, 8.341122030217158e-05
4034.4048708566074, 0.00020922480319232058
11617.81382654615, 0.000480692824080295
33455.64028124637, 0.0007918425551836224
96341.69417232816, 0.0016526430548178795
140561.38928207126, 0.002229471590809972
205077.40004618728, 0.002884509149010309
299205.49465619377, 0.003777591143918796
436537.2684278957, 0.005192553551850868
636902.6977444387, 0.006618409657104365
929233.4829853033, 0.008212377920466194
1355740.6319033569, 0.011404340918702068
1978009.5042300406, 0.014839244282399737
2885892.409473248, 0.01960174396369292
4210482.801647218, 0.02529370603616543
6143044.475522519, 0.028228924980665114
8962629.039473653, 0.047348359297315214
13076369.480848297, 0.04602806319743675
19078267.999999985, 0.06360623135565131
16077318.74, 0.08051044083526682
11019499.26, 0.047685338636614734
7552836.76, 0.03818362611866092
