48.65075821345226, 2.3048467868448194e-05
109468558.22999999, 0.1658804936316798
69993153.925, 0.0946675040430021
44752956.24, 0.05972550633684388
48.65075821345226, 2.3048467868448194e-05
106.15990650748795, 2.3048467868448194e-05
231.64953977145578, 2.3048467868448194e-05
505.47811355261723, 6.258925254363425e-05
1102.994305677429, 0.00033452989776094655
2406.8231754018234, 0.0005651369226386249
5251.8836841079965, 0.0009070344263130325
11460.036829167919, 0.0020056844891619976
25006.731303530614, 0.004385681269245379
54566.71909599629, 0.005702163920291675
119069.01372915457, 0.006815851513894819
259818.2603849057, 0.0077637418014160275
566944.5501832505, 0.008350814150986893
1237119.0635574034, 0.011128600800188154
2699494.2925590575, 0.014266432436160674
5890515.83653071, 0.017710406053394818
12853584.064267838, 0.023561258392934725
28047564.57364951, 0.03589239440720036
61202064.30982321, 0.0799664615385773
133547875.99999993, 0.16666639970063798
