48.65075821345226, 1.3271474988412343e-07
107.90707638728847, 1.9907212482618516e-07
239.33721820665255, 1.3271474988412343e-07
530.848447911862, 1.3271474988412343e-07
1177.4185258855812, 4.180514621349888e-06
2611.5069009841923, 1.6390271610689246e-05
5792.305916673527, 3.79564184668593e-05
12847.29817090924, 0.00013716069400524156
28495.226713964123, 0.0004820863289540784
63202.2340167069, 0.0008105553349172838
140182.15839444622, 0.0013623832649354692
310923.14754144684, 0.002186011002716339
689625.5899061015, 0.0022950951159561523
1529585.2303500206, 0.0032421641350355644
3392610.4413026306, 0.004326503554686707
7524788.666926276, 0.005375598879079158
16689934.037979672, 0.006175263251829376
37018168.95090239, 0.00555284758915167
82106066.40860263, 0.00350395378569061
182110739.99999982, 0.0006629101756711965
