48.65075821345226, 3.3178687471030857e-07
107.90707638728847, 5.308589995364937e-07
239.33721820665255, 4.64501624594432e-07
530.848447911862, 4.64501624594432e-07
1177.4185258855812, 6.0385211197276165e-06
2611.5069009841923, 2.1101645231575624e-05
5792.305916673527, 4.658287720932733e-05
12847.29817090924, 0.00016483171935608126
28495.226713964123, 0.0005563402315142454
63202.2340167069, 0.0009674241692803177
140182.15839444622, 0.0016818940252814963
310923.14754144684, 0.0028671030991216607
689625.5899061015, 0.0033251766360839078
1529585.2303500206, 0.005526080181652628
3392610.4413026306, 0.009391678447978464
7524788.666926276, 0.016605146593545665
16689934.037979672, 0.031226468813475777
37018168.95090239, 0.061213905515802615
82106066.40860263, 0.1315592594346323
182110739.99999982, 0.28955916473317866
