486.5075821345223, 9.558169280391503e-07
1726.4704162809649, 2.7197336225114e-05
6126.728971449383, 7.976726726726727e-05
21741.935184997976, 0.00027831651095539987
77155.64827357206, 0.0003465270826381937
273802.4012058856, 0.00047217356245134027
430418.22812363884, 0.0005138819374930486
676618.796201817, 0.0006043499097880018
1063646.8566152055, 0.0007722000591016548
1672056.1739315926, 0.0010181507803790413
2628477.5171334655, 0.0013313230994152045
4131974.8497628914, 0.0018323206018518517
6495477.342980134, 0.0026350054824561403
10210910.629233224, 0.0037344473379629633
16051583.336037312, 0.0040625
25233139.036209434, 0.005537280701754386
39666573.21531646, 0.0049479166666666664
62355976.7331438, 0.005629960317460316
98023789.78487088, 0.013802083333333333
154093703.07692295, 0.0
126058746.43, 0.0
80189883.255, 0.009305555555555555
51011274.974999994, 0.005613425925925926
