486.5075821345223, 3.981442496523703e-07
1865.255594029275, 3.3178687471030857e-07
7151.334447436204, 4.777730995828443e-06
27418.003485845602, 3.072346459817457e-05
105119.8095509779, 0.00014724701499643496
403026.2220127894, 0.0005702089228771363
651297.3053712113, 0.0007765140015720062
1052507.6454463028, 0.0010824878574298528
1700870.4543795716, 0.0014284088530028204
2748635.903119393, 0.0017130819915042652
4441842.886072604, 0.002016748143182653
7178094.487582913, 0.0028209303322459917
11599924.129289858, 0.0040228388339094345
18745676.869822174, 0.005770893043992538
30293336.179716837, 0.008367758851602439
48954552.20262988, 0.012171767392185028
79111398.20131922, 0.017924444408514352
127845379.92426988, 0.023795462078524725
206600332.4374092, 0.02726549552535631
333869689.9999997, 0.02516848966964976
270235011.22, 0.030679482930062976
167222856.18, 0.028154742175292385
103478389.06, 0.021489719177534207
