486.5075821345223, 8.891888242236269e-06
1524.867909197509, 4.2667792087745684e-05
4779.416037667102, 0.00025122902153064565
14980.194365248995, 0.0006033212529732251
46952.64472731967, 0.0013439359147015759
147164.36870832657, 0.0021613796330597207
221307.66790017596, 0.002903605234057157
332805.31355035363, 0.0038165948513976355
500476.9051983732, 0.005123632747762678
752623.5983580339, 0.006802056516830691
1131805.0342020807, 0.008944767529454304
1702022.9477787267, 0.012277553632862056
2559523.970316737, 0.016054324639011415
3849045.022087237, 0.020874021570077252
5788243.342851451, 0.027222211390356604
8704434.685436837, 0.039274414680447164
13089840.683116596, 0.05144182963208484
19684670.550293837, 0.069804441498177
29602060.411123894, 0.09324936471108164
44515958.66666663, 0.11276102088167053
37059009.54, 0.13099105071262843
24643365.48, 0.07287040106065629
16387255.615, 0.05610429786763893
