48.65075821345226, 6.594100652702764e-05
109468558.22999999, 0.0
69993153.925, 0.047232660074978706
44752956.24, 0.027040555377651473
48.65075821345226, 6.594100652702764e-05
106.15990650748795, 6.594100652702764e-05
231.64953977145578, 6.594100652702764e-05
505.47811355261723, 0.0001509333577518862
1102.994305677429, 0.001197955241295596
2406.8231754018234, 0.002303199596306741
5251.8836841079965, 0.003152119809444962
11460.036829167919, 0.004484663993931774
25006.731303530614, 0.0054216995294287815
54566.71909599629, 0.006280957704717414
119069.01372915457, 0.006075386541652864
259818.2603849057, 0.005719532607898596
566944.5501832505, 0.005498987963612666
1237119.0635574034, 0.0070909547971283815
2699494.2925590575, 0.009822654242536122
5890515.83653071, 0.015070166357006603
12853584.064267838, 0.01798829001135312
28047564.57364951, 0.019949280314196457
61202064.30982321, 0.03293695764637271
133547875.99999993, 0.0
