486.5075821345223, 2.3048467868448194e-05
1865.255594029275, 2.1560531270249063e-05
7151.334447436204, 0.00013966305924018507
27418.003485845602, 0.0004472002458787477
105119.8095509779, 0.0009996592054392914
403026.2220127894, 0.0019154264221726218
651297.3053712113, 0.002149711091362453
1052507.6454463028, 0.0024070765232260785
1700870.4543795716, 0.002351164770319215
2748635.903119393, 0.0022018085506348294
4441842.886072604, 0.0021130075872523263
7178094.487582913, 0.002435879168571833
11599924.129289858, 0.002874051355916092
18745676.869822174, 0.003583592320343278
30293336.179716837, 0.004665709881378574
48954552.20262988, 0.007200447328832616
79111398.20131922, 0.012447368174306687
127845379.92426988, 0.022924294986804608
206600332.4374092, 0.044532485965780154
333869689.9999997, 0.08806840343902378
270235011.22, 0.07207403078194372
167222856.18, 0.034943801472976044
103478389.06, 0.01765480878798557
