486.5075821345223, 3.981442496523703e-07
1755.554060505312, 1.2873330738759974e-05
6334.885976154238, 4.9502601706778046e-05
22859.32471901466, 0.00042468719962919494
82487.47153087384, 0.0011714067398522156
297654.59142793086, 0.002788137822940607
470713.9662400628, 0.0031535678867465407
744391.8030980489, 0.0034928559590889723
1177188.6883784672, 0.004659344983843028
1861618.038079986, 0.006253020592804646
2943981.4992433763, 0.008481437048465774
4655641.9687607745, 0.011728374889709485
7362479.060027137, 0.016152911280521487
11643098.475582846, 0.023100052085799513
18412513.096046776, 0.03245608220086178
29117733.498781815, 0.04581010636695091
46047076.77237787, 0.06720379388592844
72819310.58851038, 0.09419953596287703
115157190.55952813, 0.11325157441166722
182110739.9999998, 0.1099988951497072
148633965.28, 0.15160755717600266
93988250.575, 0.10954590652966521
59433193.68000001, 0.07988730527013589
