486.5075821345223, 6.659607505687228e-05
1865.255594029275, 5.356966988066614e-05
7151.334447436204, 0.0002899216366989277
27418.003485845602, 0.0009105722895244305
105119.8095509779, 0.001233594891759702
403026.2220127894, 0.0016720319242341161
651297.3053712113, 0.0019035886966995992
1052507.6454463028, 0.0020394670390305137
1700870.4543795716, 0.0024201517977271085
2748635.903119393, 0.002438073698278611
4441842.886072604, 0.0024641580431439933
7178094.487582913, 0.002802436410539345
11599924.129289858, 0.00335781492394031
18745676.869822174, 0.0036734670009453754
30293336.179716837, 0.00532451631021401
48954552.20262988, 0.006679349311940768
79111398.20131922, 0.0072682031450522
127845379.92426988, 0.01327588188607583
206600332.4374092, 0.0
333869689.9999997, 0.0
270235011.22, 0.0
167222856.18, 0.012293584186237832
103478389.06, 0.012098938086686124
