486.5075821345223, 9.558169280391503e-07
1791.1387318504146, 9.297491936380826e-06
6594.302071632732, 4.5097180513847175e-05
24277.750817780503, 0.0001371162829496163
89381.58706828926, 0.00023565231898565228
329069.5322976611, 0.00034635329774218663
524136.83066860813, 0.0004051794850405962
834836.9882351633, 0.00046452702702702705
1329715.3646625055, 0.0005513482023968043
2117949.9422484613, 0.0007360963670677046
3373437.7123699463, 0.0010304849340866291
5373159.097026834, 0.0013388813405797101
8558284.202520385, 0.0018591485507246377
13631501.909489095, 0.00242566510172144
21712044.133061454, 0.003239425505050505
34582606.05222449, 0.004639274691358024
55082636.80904378, 0.0034505208333333332
87734766.81471378, 0.0053433641975308655
139742571.41532484, 0.0019097222222222222
222579793.3333331, 0.0
181161182.375, 0.0
113738669.115, 0.0030505952380952372
71408701.81, 0.00423900462962963
