486.5075821345223, 0.0016399560856980018
1400.9884221763525, 0.0035672975062565693
4034.4048708566074, 0.005179538160052745
11617.81382654615, 0.00627584358185593
33455.64028124637, 0.005465584461617065
96341.69417232816, 0.005244381851635618
140561.38928207126, 0.0057666894948865885
205077.40004618728, 0.00646404990702483
299205.49465619377, 0.006678469298657929
436537.2684278957, 0.008993585191379461
636902.6977444387, 0.008489279698074708
929233.4829853033, 0.012544104815186275
1355740.6319033569, 0.015460012645974535
1978009.5042300406, 0.014805656427990484
2885892.409473248, 0.01865662224884559
4210482.801647218, 0.024245542382876534
6143044.475522519, 0.026020824993326655
8962629.039473653, 0.047177661490440545
13076369.480848297, 0.052217387924306566
19078267.999999985, 0.03253989934018314
16077318.74, 0.10577853559975879
11019499.26, 0.06843704098943477
7552836.76, 0.04178038590318591
