486.5075821345223, 0.0010753316757148522
1524.867909197509, 0.002583806691489791
4779.416037667102, 0.0048721804194582705
14980.194365248995, 0.006441208823816439
46952.64472731967, 0.007100601265133028
147164.36870832657, 0.005493373711122116
221307.66790017596, 0.006322938500738543
332805.31355035363, 0.006414052984158593
500476.9051983732, 0.007931765382215412
752623.5983580339, 0.008404692215876941
1131805.0342020807, 0.010431463721135686
1702022.9477787267, 0.012580443996848753
2559523.970316737, 0.014719085089280722
3849045.022087237, 0.01727462916010461
5788243.342851451, 0.02039302823426719
8704434.685436837, 0.03525296613872365
13089840.683116596, 0.032426116818451985
19684670.550293837, 0.04268122092780521
29602060.411123894, 0.054695299696094477
44515958.66666663, 0.0
37059009.54, 0.10418388167933988
24643365.48, 0.05624330164163968
16387255.615, 0.026196236237206703
