486.5075821345223, 6.659607505687228e-05
1755.554060505312, 0.0009077657993721887
6334.885976154238, 0.0022286111574916848
22859.32471901466, 0.0035244430356848933
82487.47153087384, 0.0038608412291641016
297654.59142793086, 0.005090629073805764
470713.9662400628, 0.0045991531783254515
744391.8030980489, 0.004454325120705679
1177188.6883784672, 0.0050800732046895215
1861618.038079986, 0.005893276243587985
2943981.4992433763, 0.0071872774163112265
4655641.9687607745, 0.008870092892106562
7362479.060027137, 0.01118798158415081
11643098.475582846, 0.01333342095502693
18412513.096046776, 0.013289696527133528
29117733.498781815, 0.021301182382218186
46047076.77237787, 0.022228862465083935
72819310.58851038, 0.02837861342826528
115157190.55952813, 0.03907752797344572
182110739.9999998, 0.0
148633965.28, 0.0
93988250.575, 0.02856636690264339
59433193.68000001, 0.021632444302121176
