486.5075821345223, 1.772605939272606e-05
1524.867909197509, 5.48291346902458e-05
4779.416037667102, 0.00020775984317650983
14980.194365248995, 0.0003269762818373929
46952.64472731967, 0.00041734442776109444
147164.36870832657, 0.0004838133169934641
221307.66790017596, 0.0005651963495575222
332805.31355035363, 0.0006432291666666667
500476.9051983732, 0.0009149305555555558
752623.5983580339, 0.0009966322055137845
1131805.0342020807, 0.00130306976010101
1702022.9477787267, 0.0018498563218390803
2559523.970316737, 0.002239138176638176
3849045.022087237, 0.002801148504273504
5788243.342851451, 0.0034415849673202614
8704434.685436837, 0.007220643939393938
13089840.683116596, 0.007700892857142856
19684670.550293837, 0.00956597222222222
29602060.411123894, 0.009230324074074075
44515958.66666663, 0.0
37059009.54, 0.022743055555555555
24643365.48, 0.013368055555555555
16387255.615, 0.004224537037037037
