486.5075821345223, 0.00016222897617107962
1448.9298174620308, 0.0004578942564033874
4315.241309743981, 0.0012972517800811517
12851.766411942808, 0.0017017798498865481
38275.4724594858, 0.0024901596698130137
113993.02983249538, 0.004630854723790616
168325.11399151417, 0.005776638966892885
248553.3022667269, 0.007191409286499458
367020.3607930388, 0.008922406442744021
541951.9435396565, 0.01065620473901875
800260.5317911339, 0.013906935065835305
1181685.805128526, 0.017021592483699634
1744908.4224069975, 0.021762505227928858
2576577.7919755247, 0.027913111059751684
3804642.715257059, 0.03592400541287652
5618035.766604988, 0.05041723061192369
8295739.767701263, 0.07473563459089863
12249708.110172482, 0.10928436156330336
18088242.035828184, 0.13269555409741415
26709575.199999988, 0.1813880692506985
22398908.619999997, 0.19867033088363137
15168975.075, 0.13155233032457417
10272723.94, 0.08351940453693067
