486.5075821345223, 2.3048467868448194e-05
1755.554060505312, 0.00029152973663315953
6334.885976154238, 0.0006634739536959746
22859.32471901466, 0.0025244826729923673
82487.47153087384, 0.004220850929408155
297654.59142793086, 0.006350167214954796
470713.9662400628, 0.006237658621755954
744391.8030980489, 0.006042856369769608
1177188.6883784672, 0.00713456151554655
1861618.038079986, 0.008261260004579813
2943981.4992433763, 0.009550323083086027
4655641.9687607745, 0.011060114437760966
7362479.060027137, 0.012690722132533208
11643098.475582846, 0.015186730399118378
18412513.096046776, 0.018595783858885027
29117733.498781815, 0.02402743529417195
46047076.77237787, 0.037854652594896065
72819310.58851038, 0.06069968751772835
115157190.55952813, 0.10034115167895498
182110739.9999998, 0.15673717315646427
148633965.28, 0.16611801531091497
93988250.575, 0.08318807382397181
59433193.68000001, 0.04937649586575973
