0.008005015192628286, 0.0
0.01716852137131353, 0.0
0.03682168228096411, 0.0001448807776118532
0.07897222228267717, 0.00032523349001095105
0.1693733557493854, 0.0007568819797156648
0.3632585332995059, 0.001475564158041225
0.7790880769355424, 0.003184223920473771
1.6709262852269184, 0.006844016350731708
3.5836701052392326, 0.014604380332865773
7.685971270385086, 0.030202736683120995
16.484261283654465, 0.021201455180837075
35.354135542348295, 0.011961513656966172
75.82474449043895, 0.009362534625581348
162.62289513919944, 0.007107604182660156
348.7806810452204, 0.0063086845714684075
748.0371282668478, 0.006687295158713094
1604.3306744766755, 0.007536516785617412
3440.841123795935, 0.008431477446526291
7379.643004748518, 0.007887929263987676
15827.27272727273, 0.0
11603.455, 0.0
5410.24, 0.007796665922924748
2522.585, 0.004333738467645231
