0.008005015192628286, 0.0
0.017018231898040456, 0.0
0.03617984600481323, 0.00097957284501627
0.07691640734327522, 0.002911168048782728
0.163520146487345, 0.005846825418690863
0.3476350395294501, 0.012660979021835293
0.7390534029272965, 0.028377000854065082
1.571187798323607, 0.06053760182200549
3.3402607819990413, 0.13014237479069285
7.101214828466256, 0.2779568559385073
15.096800917995962, 0.2410943053144888
32.09498704981851, 0.010787545955741674
68.23221683344276, 0.005837762063188014
145.05802438179455, 0.002781954118212594
308.38556057636396, 0.002315421581476627
655.6111209793502, 0.001853396348809193
1393.7939933000375, 0.0011213047910295618
2963.1310903593617, 0.000873743993010048
6299.4573809762205, 0.001019367991845056
13392.307692307699, 0.0
9845.885, 0.0007645259938837921
4631.295, 0.001019367991845056
2178.46, 0.0009657170449058426
