0.008005015192628286, 0.0
0.015941597871448956, 0.0
0.0317469157246591, 0.0
0.06322243643052075, 0.0006596090082891801
0.1259044028994146, 0.0008710806746411411
0.25073248619386607, 0.0029290010873804615
0.4993215343166486, 0.007902140498825582
0.9943745161109947, 0.011553428373563426
1.9802484177738906, 0.02217213266937024
3.94356827589725, 0.04431301423321068
7.853424149756822, 0.05688508819263883
15.639711692819853, 0.05219234241651667
31.145724103300825, 0.06041295175733482
62.02519259765414, 0.05873391713959984
123.52015011808224, 0.05803109457410956
245.9843629049951, 0.06120193933927163
489.8658780444475, 0.07285492465862957
975.5440371831238, 0.09868017188459177
1942.7484361284653, 0.11247040252565114
3868.88888888889, 0.08576690344646146
2905.8199999999997, 0.15066210646321143
1459.145, 0.10588441638165394
732.7049999999999, 0.0861894397806
