0.008005015192628286, 0.0
0.01716852137131353, 0.0
0.03682168228096411, 0.00021015490628750296
0.07897222228267717, 0.0004292637810133206
0.1693733557493854, 0.0010893994933282838
0.3632585332995059, 0.0021470211771009804
0.7790880769355424, 0.005009481989224163
1.6709262852269184, 0.0110866808227152
3.5836701052392326, 0.023816941557886925
7.685971270385086, 0.05199323676917293
16.484261283654465, 0.07116684341975932
35.354135542348295, 0.05781665204624075
75.82474449043895, 0.03836170145359929
162.62289513919944, 0.03204015895678941
348.7806810452204, 0.0280824557067651
748.0371282668478, 0.02869974198848872
1604.3306744766755, 0.03693263677478358
3440.841123795935, 0.04048824870648075
7379.643004748518, 0.04269553125117449
15827.27272727273, 0.028676664035780057
11603.455, 0.03100061387354205
5410.24, 0.043549942997456806
2522.585, 0.039419451021660966
