0.008005015192628286, 0.0
0.017018231898040456, 0.0
0.03617984600481323, 0.00021015490628750296
0.07691640734327522, 0.000650479471842271
0.163520146487345, 0.0013100884801314514
0.3476350395294501, 0.002783542992259997
0.7390534029272965, 0.006374084336024177
1.571187798323607, 0.01378946253102177
3.3402607819990413, 0.029872896662338038
7.101214828466256, 0.06451325481405285
15.096800917995962, 0.09376938106219875
32.09498704981851, 0.06993224918332346
68.23221683344276, 0.04860284226616395
145.05802438179455, 0.04061126905229715
308.38556057636396, 0.035614061462522384
655.6111209793502, 0.03526451040263195
1393.7939933000375, 0.046113595837352736
2963.1310903593617, 0.055330050989088074
6299.4573809762205, 0.05574556403285685
13392.307692307699, 0.03867403314917127
9845.885, 0.04264228711742524
4631.295, 0.05716819160649732
2178.46, 0.05098381312397014
