0.008005015192628286, 0.0
0.015941597871448956, 0.0
0.0317469157246591, 0.0
0.06322243643052075, 0.00045790774141273147
0.1259044028994146, 0.0005592305520847824
0.25073248619386607, 0.0017880768436653626
0.4993215343166486, 0.004808044927638226
0.9943745161109947, 0.006907190665646127
1.9802484177738906, 0.013747295596130747
3.94356827589725, 0.028943823573062563
7.853424149756822, 0.07949390914191187
15.639711692819853, 0.023077127746850796
31.145724103300825, 0.021404536088551473
62.02519259765414, 0.013490363914442065
123.52015011808224, 0.0124254567685748
245.9843629049951, 0.009949178246445249
489.8658780444475, 0.007253766919825852
975.5440371831238, 0.0069019381059892155
1942.7484361284653, 0.0
3868.88888888889, 0.0
2905.8199999999997, 0.027607752423956862
1459.145, 0.015593331845849497
732.7049999999999, 0.007087878111749771
