0.008005015192628286, 0.0
0.015518709368776829, 0.0004076765714660984
0.030084932342706767, 0.0
0.058323352319896084, 0.0
0.113067012652111, 0.0015802738111003643
0.21919435083143396, 0.0034875404387983413
0.4249352866891782, 0.005751389338784321
0.8237894689743951, 0.010578804993584262
1.5970174999599482, 0.018203788334634017
3.0960154156299327, 0.01726862313881277
6.002007776407324, 0.018137024975505282
11.635632421657144, 0.027898130368172257
22.557108703541076, 0.04421663788237397
43.729737639039534, 0.0473210204431534
84.77549047228, 0.048367976411157323
164.34774532924624, 0.05046564488014033
318.60837659958634, 0.06469440986474707
617.6616383514181, 0.0856375074331812
1197.4132744488945, 0.13364165957494809
2321.333333333333, 0.18977606947905448
1759.37, 0.23456216911756375
907.5350000000001, 0.12055463109176887
468.135, 0.07937374870465883
