0.008005015192628286, 0.0
0.01716852137131353, 0.0
0.03682168228096411, 0.00097957284501627
0.07897222228267717, 0.0019346563689071332
0.1693733557493854, 0.004858069078252564
0.3632585332995059, 0.009725321651927153
0.7790880769355424, 0.02247201329770138
1.6709262852269184, 0.04885925681032714
3.5836701052392326, 0.10461225751745629
7.685971270385086, 0.22520379706924046
16.484261283654465, 0.16944467403183
35.354135542348295, 0.0045550137293256555
75.82474449043895, 0.004859343228140962
162.62289513919944, 0.002568463732261279
348.7806810452204, 0.0016309887869520897
748.0371282668478, 0.0013680991469499435
1604.3306744766755, 0.0007863695937090434
3440.841123795935, 0.0007645259938837921
7379.643004748518, 0.000436871996505024
15827.27272727273, 0.0
11603.455, 0.0
5410.24, 0.0006116207951070337
2522.585, 0.0004170141784820684
