0.008005015192628286, 0.0
0.017350809628371985, 0.0
0.037607748082382104, 0.0
0.08151450832099426, 0.00021015490628750296
0.17668207764681887, 0.000650479471842271
0.3829570613205384, 0.0015264760507240555
0.8300565216831045, 0.0034401673444030717
1.7991412060997618, 0.007958761181597277
3.899624898943784, 0.017254736100653843
8.452407349075573, 0.03777635392122807
18.320528729329123, 0.044915914774723856
39.70960686825894, 0.0408728468888076
86.07027127483026, 0.027358499427253265
186.55665924621306, 0.022608839967599548
404.36014193538733, 0.019906218567801327
876.447536349875, 0.02100369680252348
1899.6933780296026, 0.027116069933749494
4117.5709678632575, 0.031118311432356216
8924.80379806123, 0.029400157853196527
19344.44444444445, 0.02074015609927212
14134.619999999999, 0.01762694027887398
6521.1849999999995, 0.03268677301826473
3008.63, 0.029936891201470694
