0.008005015192628286, 0.0
0.01772505966587496, 0.0
0.03924761322728652, 0.0
0.08690380585879043, 0.0
0.19242626115902764, 0.0
0.42607876165755854, 0.0004292637810133206
0.9434424908646178, 0.0008723974347055993
2.08901220541051, 0.0021470211771009804
4.625583473937787, 0.0050094819892241614
10.242172074893096, 0.011321678602218811
22.678671653592772, 0.010999686874456672
50.21612058561709, 0.012885023934747691
111.19076131029719, 0.008978986879539365
246.20351505816276, 0.00663568066882984
545.1547422886601, 0.005592202537278911
1207.1058082562558, 0.00632230026871505
2672.8272163767638, 0.008166619919507914
5918.292563701892, 0.009637635638312152
13104.545873732122, 0.005880805360818361
29016.66666666668, 0.0003507848811716215
21060.61, 0.005236717154633493
9511.42, 0.008584485564227737
4295.5599999999995, 0.0085723055336315
