0.008005015192628286, 0.0
0.01772505966587496, 0.0
0.03924761322728652, 0.0
0.08690380585879043, 0.0
0.19242626115902764, 0.0
0.42607876165755854, 0.0019346563689071332
0.9434424908646178, 0.0038938020589396735
2.08901220541051, 0.009725321651927153
4.625583473937787, 0.02247201329770138
10.242172074893096, 0.04983270732506207
22.678671653592772, 0.0011816097443008756
50.21612058561709, 0.000551009725321652
111.19076131029719, 0.00022652622041001246
246.20351505816276, 0.00037346214716245293
545.1547422886601, 0.0005639746600351025
1207.1058082562558, 0.000383633115210505
2672.8272163767638, 0.00035383021204539136
5918.292563701892, 0.0002496411408600137
13104.545873732122, 0.00017988846914912754
29016.66666666668, 0.0
21060.61, 0.000436871996505024
9511.42, 0.00022652622041001246
4295.5599999999995, 0.0002123683316343867
