0.008005015192628286, 0.0
0.015518709368776829, 0.00097957284501627
0.030084932342706767, 0.0
0.058323352319896084, 0.0
0.113067012652111, 0.004891741894799998
0.21919435083143396, 0.011696712002522402
0.4249352866891782, 0.02050062294710613
0.8237894689743951, 0.03912169049783728
1.5970174999599482, 0.07602403626868459
3.0960154156299327, 0.07843317323439648
6.002007776407324, 0.0859777807324676
11.635632421657144, 0.06587456760415099
22.557108703541076, 0.012204614956908536
43.729737639039534, 0.009769695001488457
84.77549047228, 0.005325318991880207
164.34774532924624, 0.002344546381243629
318.60837659958634, 0.0008154943934760449
617.6616383514181, 0.0007645259938837921
1197.4132744488945, 0.0
2321.333333333333, 0.0
1759.37, 0.0
907.5350000000001, 0.0012232415902140674
468.135, 0.0036697247706422025
