0.008005015192628286, 0.0
0.01716852137131353, 0.0
0.03682168228096411, 0.0004076765714660984
0.07897222228267717, 0.000702299630931753
0.1693733557493854, 0.001577454307741227
0.3632585332995059, 0.002990506815709402
0.7790880769355424, 0.006629060387060077
1.6709262852269184, 0.014096728423714235
3.5836701052392326, 0.029636391341820674
7.685971270385086, 0.06043049758251482
16.484261283654465, 0.06376566655830064
35.354135542348295, 0.0471975741454511
75.82474449043895, 0.03291722289384569
162.62289513919944, 0.027783778706305138
348.7806810452204, 0.023496094953272297
748.0371282668478, 0.022599705611310642
1604.3306744766755, 0.02973953329191193
3440.841123795935, 0.04345988686903137
7379.643004748518, 0.0697899695797655
15827.27272727273, 0.11625825113801182
11603.455, 0.08266174156159255
5410.24, 0.05688044722449961
2522.585, 0.03679227420466685
