0.008005015192628286, 0.0
0.017350809628371985, 0.0
0.037607748082382104, 0.0
0.08151450832099426, 0.0004076765714660984
0.17668207764681887, 0.0009959744728695844
0.3829570613205384, 0.002159718578447304
0.8300565216831045, 0.0046447115213686515
1.7991412060997618, 0.01026970965809517
3.899624898943784, 0.02170720263469871
8.452407349075573, 0.0450376849251708
18.320528729329123, 0.04328479319310588
39.70960686825894, 0.03671607105713258
86.07027127483026, 0.023533750680430014
186.55665924621306, 0.019667184410686794
404.36014193538733, 0.016533675241192296
876.447536349875, 0.016543482700150616
1899.6933780296026, 0.022563024338315044
4117.5709678632575, 0.03499692812770116
8924.80379806123, 0.05506933363926887
19344.44444444445, 0.09969916737171824
14134.619999999999, 0.0640002034850164
6521.1849999999995, 0.04744455207989202
3008.63, 0.029378909067238602
