0.008005015192628286, 0.0
0.015246306652246284, 0.00022068898680316728
0.029038029402915982, 0.00021129609834336663
0.05530566653533636, 0.0004506830780618381
0.10533485962414062, 0.0
0.20062017777054045, 0.0022125958283109905
0.38210005569190636, 0.004294305706214853
0.7277456045659876, 0.006405072089541089
1.3860601616665325, 0.016799927174390036
2.6398823430954237, 0.02178447850639379
5.027904977088304, 0.03183930402657449
9.576119376967087, 0.042250975952633406
18.23862279414633, 0.05911832989471838
34.737177799522016, 0.06655353854248881
66.16023233195473, 0.06870661566794163
126.00840423710109, 0.0749802683504341
239.99489389204757, 0.08311722479046865
457.0929172777868, 0.09910925696245347
870.5765845147461, 0.12882574761027799
1658.095238095239, 0.08436376392177497
1264.34, 0.16565816013329826
663.835, 0.09769358940629656
348.53999999999996, 0.09470217389186082
