0.008005015192628286, 0.0
0.016890538458376375, 0.0
0.03563894415548536, 0.0001448807776118532
0.07519797806611182, 0.0004672465244030776
0.15866732416541257, 0.001017817845249331
0.33478718983213523, 0.0022927043822323335
0.7063991471794842, 0.004749695388215893
1.4904983532557028, 0.010426108271438117
3.144943407602242, 0.0210258961647087
6.6358134615959585, 0.045211446996487326
14.001530263042275, 0.038287778725505595
29.543152597863905, 0.039783192125175844
62.33589107931048, 0.011630813819855904
131.52839067461667, 0.009159117641345317
277.52418797453265, 0.008983358316932158
585.5745251339696, 0.010522589275768273
1235.5590587921668, 0.007610856876445761
2607.022884771368, 0.009438909737821162
5500.804088123216, 0.009202584141318955
11606.666666666675, 0.0
8553.735, 0.013803876211978431
4053.91, 0.009745832403655934
1921.29, 0.00808384454867164
