0.008005015192628286, 0.0
0.01772505966587496, 0.0
0.03924761322728652, 0.0
0.08690380585879043, 0.0
0.19242626115902764, 0.0
0.42607876165755854, 0.00032523349001095105
0.9434424908646178, 0.0005859233211175003
2.08901220541051, 0.001475564158041225
4.625583473937787, 0.003184223920473771
10.242172074893096, 0.006998383229808081
22.678671653592772, 0.0075389928611536245
50.21612058561709, 0.005076105964511714
111.19076131029719, 0.0017498408245990203
246.20351505816276, 0.002124153056718482
545.1547422886601, 0.002085796202511914
1207.1058082562558, 0.0024376710524729862
2672.8272163767638, 0.0026413014095157884
5918.292563701892, 0.0027531354927432783
13104.545873732122, 0.0032479708734066896
29016.66666666668, 0.0
21060.61, 0.007887929263987676
9511.42, 0.0028876540455276835
4295.5599999999995, 0.002294364396206168
