0.008005015192628286, 0.0
0.017018231898040456, 0.0
0.03617984600481323, 0.0001448807776118532
0.07691640734327522, 0.0004672465244030776
0.163520146487345, 0.0008390161683143702
0.3476350395294501, 0.0018874162236297244
0.7390534029272965, 0.0038781470948991586
1.571187798323607, 0.008682799448311043
3.3402607819990413, 0.017633475583795848
7.101214828466256, 0.037401929269718394
15.096800917995962, 0.031223090322544143
32.09498704981851, 0.02591929649539056
68.23221683344276, 0.011402704735847223
145.05802438179455, 0.007806892979661084
308.38556057636396, 0.008033575937329287
655.6111209793502, 0.008425057480824442
1393.7939933000375, 0.010201831603014723
2963.1310903593617, 0.009635974224601475
6299.4573809762205, 0.012994443204874579
13392.307692307699, 0.0
9845.885, 0.013803876211978431
4631.295, 0.010593582920910564
2178.46, 0.009153109420964384
