0.008005015192628286, 0.0
0.017350809628371985, 0.0
0.037607748082382104, 0.0
0.08151450832099426, 0.0001448807776118532
0.17668207764681887, 0.0004672465244030776
0.3829570613205384, 0.001017817845249331
0.8300565216831045, 0.0022927043822323335
1.7991412060997618, 0.004910454304223937
3.899624898943784, 0.010972508071246596
8.452407349075573, 0.02251639930787219
18.320528729329123, 0.009359732553600054
39.70960686825894, 0.008899045572583393
86.07027127483026, 0.008339346512801556
186.55665924621306, 0.005477021481684457
404.36014193538733, 0.0058128433133514965
876.447536349875, 0.00527469652343753
1899.6933780296026, 0.006485728744669561
4117.5709678632575, 0.0071001915339168765
8924.80379806123, 0.009745832403655934
19344.44444444445, 0.0
14134.619999999999, 0.0
6521.1849999999995, 0.005019591349810339
3008.63, 0.005389229699114427
