0.008005015192628286, 0.00021401740247657986
0.01716852137131353, 0.00021401740247657986
0.03682168228096411, 0.00042417230876408283
0.07897222228267717, 0.0006432811834899005
0.1693733557493854, 0.0013034168958048638
0.3632585332995059, 0.0023610385795775606
0.7790880769355424, 0.0052234993917007425
1.6709262852269184, 0.011300698225191782
3.5836701052392326, 0.024030958960363502
7.685971270385086, 0.05220725417164951
16.484261283654465, 0.07138086082223591
35.354135542348295, 0.05803242512880327
75.82474449043895, 0.038823484037680905
162.62289513919944, 0.03322159455376912
348.7806810452204, 0.03069633456373788
748.0371282668478, 0.03477385914140784
1604.3306744766755, 0.05079866200623897
3440.841123795935, 0.07538038235552048
7379.643004748518, 0.12873805138998506
15827.27272727273, 0.21831974041918795
