0.008005015192628286, 0.0
0.015518709368776829, 0.00021015490628750296
0.030084932342706767, 0.0
0.058323352319896084, 0.0
0.113067012652111, 0.001124513095047165
0.21919435083143396, 0.002678377755111948
0.4249352866891782, 0.004646934051476715
0.8237894689743951, 0.00912286486258248
1.5970174999599482, 0.018092019933640558
3.0960154156299327, 0.020853616924826256
6.002007776407324, 0.02387783789417227
11.635632421657144, 0.03687472030142854
22.557108703541076, 0.0592188658487001
43.729737639039534, 0.0633989347625489
84.77549047228, 0.06557106871452462
164.34774532924624, 0.06678651816773364
318.60837659958634, 0.08069221549884532
617.6616383514181, 0.08707138472331842
1197.4132744488945, 0.09911865298605631
2321.333333333333, 0.08725773919144085
1759.37, 0.16350960273612208
907.5350000000001, 0.1044461983688503
468.135, 0.08884504077874243
