0.008005015192628286, 0.0
0.015246306652246284, 0.0004149774304750303
0.029038029402915982, 0.0004084869211788625
0.05530566653533636, 0.0007192067880783963
0.10533485962414062, 0.0
0.20062017777054045, 0.0029471696608817104
0.38210005569190636, 0.005200398603671773
0.7277456045659876, 0.007620085686917501
1.3860601616665325, 0.015940642532638084
2.6398823430954237, 0.01894102900816997
5.027904977088304, 0.02732599524801188
9.576119376967087, 0.03272437078419021
18.23862279414633, 0.04394048653187268
34.737177799522016, 0.048663406839175444
66.16023233195473, 0.050025332354702114
126.00840423710109, 0.05578830060176051
239.99489389204757, 0.06924554487456373
457.0929172777868, 0.09853200620472229
870.5765845147461, 0.17767565883488928
1658.095238095239, 0.18725554009918774
1264.34, 0.23534326854171894
663.835, 0.11674250228220762
348.53999999999996, 0.08522887051600476
