0.008005015192628286, 0.0
0.016890538458376375, 0.0
0.03563894415548536, 0.00097957284501627
0.07519797806611182, 0.002911168048782728
0.15866732416541257, 0.006808031272863078
0.33478718983213523, 0.0155996975568841
0.7063991471794842, 0.034223826272755935
1.4904983532557028, 0.0722465584850906
3.144943407602242, 0.1535449822911597
6.6358134615959585, 0.322202936881836
14.001530263042275, 0.29284942434789535
29.543152597863905, 0.019141465624646054
62.33589107931048, 0.005540758278254578
131.52839067461667, 0.0037183764247984436
277.52418797453265, 0.0026422018348623857
585.5745251339696, 0.0018659617477841705
1235.5590587921668, 0.0007645259938837921
2607.022884771368, 0.0011761938367442955
5500.804088123216, 0.000509683995922528
11606.666666666675, 0.0
8553.735, 0.0007645259938837921
4053.91, 0.0007645259938837921
1921.29, 0.0008494733265375468
