0.008005015192628286, 0.0
0.01716852137131353, 0.0
0.03682168228096411, 0.00032586488934400624
0.07897222228267717, 0.0006155372942923913
0.1693733557493854, 0.0014987152474433773
0.3632585332995059, 0.002910372796825382
0.7790880769355424, 0.006549864258301906
1.6709262852269184, 0.014021757085829516
3.5836701052392326, 0.029573946950809362
7.685971270385086, 0.060399374334326614
16.484261283654465, 0.06377831221558906
35.354135542348295, 0.0472841598910333
75.82474449043895, 0.03301766680192934
162.62289513919944, 0.02799662945956034
348.7806810452204, 0.023773196589578
748.0371282668478, 0.02254314920248496
1604.3306744766755, 0.027792342009231637
3440.841123795935, 0.0355311138459506
7379.643004748518, 0.04372020927671955
15827.27272727273, 0.037061900179554526
