0.008005015192628286, 0.0
0.015518709368776829, 0.0001448807776118532
0.030084932342706767, 0.0
0.058323352319896084, 0.0
0.113067012652111, 0.0007019752943831146
0.21919435083143396, 0.0017209738651971721
0.4249352866891782, 0.002901609956233921
0.8237894689743951, 0.005343100432877542
1.5970174999599482, 0.010915578359055515
3.0960154156299327, 0.013732271498048865
6.002007776407324, 0.019645118656051425
11.635632421657144, 0.013306394496319615
22.557108703541076, 0.016244734853202505
43.729737639039534, 0.01834015976558309
84.77549047228, 0.014887397830391171
164.34774532924624, 0.010650322435562878
318.60837659958634, 0.007328114477313528
617.6616383514181, 0.009745832403655934
1197.4132744488945, 0.0
2321.333333333333, 0.0
1759.37, 0.0
907.5350000000001, 0.015593331845849497
468.135, 0.01880174452469651
