407.8082081340349, 4.038924393793824e-05
776.5536672699005, 9.412449891623867e-05
1478.7235423965064, 0.000188600208649329
2815.80450521224, 0.00032557242722146734
5361.8913774265975, 0.0005850168749271551
10210.182947752148, 0.0009710477356209399
19442.3624964596, 0.0017142098240790036
37022.3982643679, 0.0029530808940362347
70498.5298723375, 0.005713999298280787
134244.21288623722, 0.010250739938474888
255629.56739778386, 0.01656804865943852
486773.13027530594, 0.02609211100013566
926919.6938760445, 0.04014062394041873
1765052.4761079778, 0.058802107120487154
3361035.7660946716, 0.08102651496165605
6400127.8000963535, 0.10788354545559697
12187206.179350251, 0.13813593303593805
23207035.718217514, 0.16477870783419377
44191137.73090664, 0.17148012630945816
84149336.33333331, 0.1119075067248091
64170237.03, 0.1768499490418191
33699086.724999994, 0.16651510486405977
17697120.95, 0.14813435774791092
