407.8082081340349, 0.0028336667125225417
789.33411538952, 0.0044482686099908885
1527.7974628528775, 0.005990389504658466
2957.1318938214463, 0.007226243406390365
5723.683439771562, 0.008034314745217506
11078.488648803317, 0.009301443123152554
21442.994189518384, 0.011219134881101555
41504.03673170585, 0.015680925192379916
80333.23377333238, 0.013881235146073263
155489.17543124044, 0.022376859148059616
300957.4311984554, 0.0318216529127921
582518.8482887452, 0.014862487821494678
1127495.6968511909, 0.016323679396375593
2182326.8897692664, 0.018565148517895026
4224007.831790928, 0.01773523808318004
8175788.075872304, 0.01764234896323627
15824665.418111939, 0.023793226097948064
30629467.553618025, 0.03241782003249416
59284936.38446045, 0.051381440662906
114749094.99999991, 0.10191225458067087
87017015.69, 0.08039374998077488
44957201.965, 0.040052404001400976
23227066.485, 0.028810870193463848
