4078.0820813403493, 0.0013271921950311057
9065.78952325216, 0.001863746900615874
20153.723745770123, 0.004983429260230167
44802.78080348734, 0.006884659907774674
99598.92241485252, 0.009772688038489907
221413.60800148567, 0.012324486769959498
294520.0768341172, 0.008651696640085416
391764.88040334114, 0.010409281055019853
521118.0275628161, 0.00710200415957648
693181.0691437464, 0.007397428625449045
922055.9819557334, 0.007594378269364088
1226500.9413926231, 0.0075581395348837226
1631467.7076832992, 0.005785592739648326
2170146.6271939445, 0.008662919610168617
2886686.8534032116, 0.009819909245604084
3839814.7319592265, 0.01134429948950652
5107646.906136944, 0.012975042541123086
6794092.616145345, 0.01862355832860654
9037369.913197968, 0.026517300056721496
12021333.761904756, 0.039988655700510495
10529351.835, 0.03743618831537152
7915731.265000001, 0.031385895254301376
5950869.765000001, 0.02311401020986954
