407.8082081340349, 0.0003136289117201842
776.5536672699005, 0.0005424829914336863
1478.7235423965064, 0.0008617064192225829
2815.80450521224, 0.00128540518886488
5361.8913774265975, 0.0020827033398872993
10210.182947752148, 0.00298693927122222
19442.3624964596, 0.004546515910658518
37022.3982643679, 0.006611537747158711
70498.5298723375, 0.010514219001920773
134244.21288623722, 0.015240711254945846
255629.56739778386, 0.01888287926181674
486773.13027530594, 0.025337651093337032
926919.6938760445, 0.03259232737655221
1765052.4761079778, 0.03953962536574726
3361035.7660946716, 0.04618259482766567
6400127.8000963535, 0.05400760837692731
12187206.179350251, 0.06650507449486517
23207035.718217514, 0.09065945502195205
44191137.73090664, 0.13543836714230872
84149336.33333331, 0.15741414224979866
64170237.03, 0.18910461939607162
33699086.724999994, 0.1098692252222229
17697120.95, 0.07508710494500336
