4078.0820813403493, 0.013870849023764639
9376.018067779183, 0.017338444549486336
21556.63202797239, 0.02809852792243847
49561.37893828439, 0.040391891093041615
113947.77621461611, 0.04463623391543095
261980.1140001466, 0.02386300562167228
352693.7643338706, 0.027647196874128126
474818.0672977579, 0.03047655248092345
639229.3253559148, 0.03001130163401258
860569.8867367161, 0.02697306174503954
1158552.1824201331, 0.026253881575085455
1559714.3010432818, 0.03720930894535537
2099783.4519608584, 0.039240908956161405
2826857.804778387, 0.04910713780105086
3805690.077695406, 0.037191102182575
5123454.367951398, 0.03901651856826267
6897509.814140242, 0.05114203472012103
9285852.51656764, 0.08997869358134215
12501186.55615042, 0.12246130577075502
16829867.266666662, 0.14758765781115477
14665526.915, 0.1390793305083681
10893519.54, 0.1031239878619471
8091681.164999999, 0.07140913267361058
