407.8082081340349, 0.00491393698360785
776.5536672699005, 0.007125333988700007
1478.7235423965064, 0.008302573220209114
2815.80450521224, 0.009540161275593942
5361.8913774265975, 0.010715574342358666
10210.182947752148, 0.012011501866245833
19442.3624964596, 0.015648846301415796
37022.3982643679, 0.02134676421167048
70498.5298723375, 0.018908961364868537
134244.21288623722, 0.03215901226061803
255629.56739778386, 0.04394350931508817
486773.13027530594, 0.02100367040474818
926919.6938760445, 0.025918330523655827
1765052.4761079778, 0.022525807906375817
3361035.7660946716, 0.02405703912907908
6400127.8000963535, 0.025655628359454632
12187206.179350251, 0.03071617040958411
23207035.718217514, 0.0356925290289787
44191137.73090664, 0.05580080915461546
84149336.33333331, 0.10775193632568175
64170237.03, 0.10443077411836892
33699086.724999994, 0.049848065400592195
17697120.95, 0.03477839139011163
