4078.0820813403493, 0.0014575380402027766
9867.413104007828, 0.002547042695450007
23875.400107970367, 0.0051091047977037595
57769.41983751968, 0.008778594252030461
139780.10225049645, 0.015006020652398502
338214.87285336264, 0.025442686344424998
463708.78721993987, 0.02968966620609416
635766.9535077312, 0.033678226834310376
871666.9390627444, 0.03886449954196908
1195097.1161098178, 0.04410562372385477
1638535.3773652662, 0.05006469523139275
2246510.469054495, 0.05553923725313121
3080073.434658835, 0.06492550903904294
4222928.178422358, 0.07683102442013001
5789836.761502052, 0.08895438029472119
7938143.465505046, 0.10811511928570432
10883574.83546611, 0.1334453869521807
14921902.295407198, 0.15066824835854478
20458642.631655335, 0.1762927919606187
28049778.777777757, 0.24995536226498452
24254210.705, 0.2499539299969041
17690272.465, 0.18517242411910456
12902738.57, 0.15207878108785025
