4078.0820813403493, 0.001813310152145861
12070.060219533696, 0.0029229814788844645
35724.2328127165, 0.003837986208990325
105734.41945151058, 0.004790348061031251
312946.3273671316, 0.007404739236604164
926239.5757276419, 0.008088417199129222
1364671.5744595267, 0.008161588597732363
2010633.7009783003, 0.0091208047100371
2962359.5560791115, 0.005373319318622979
4364581.243825447, 0.006109077922710265
6430539.262143543, 0.005603595789515096
9474410.691855025, 0.006491359368855523
13959087.14629552, 0.0061705644756773126
20566568.232617084, 0.0068980284172995236
30301675.491663232, 0.0076242002428688295
44644858.93888117, 0.010405091853521176
65777334.00322908, 0.013339503542105263
96912786.18430763, 0.019287798402179715
142786086.85393426, 0.03318277668564191
210373340.83333322, 0.050238299987657824
176579713.84, 0.0415018836050805
119849436.515, 0.025200415532082444
81345060.09, 0.015934987031150254
