4078.0820813403493, 0.0004450844508986958
9065.78952325216, 0.0010576462884617863
20153.723745770123, 0.00216596728049788
44802.78080348734, 0.004632219274700814
99598.92241485252, 0.009069849589993507
221413.60800148567, 0.016952058859996462
294520.0768341172, 0.021342878287097508
391764.88040334114, 0.02617193373765726
521118.0275628161, 0.032453469333199675
693181.0691437464, 0.04020127089146187
922055.9819557334, 0.04725280641274827
1226500.9413926231, 0.05762869029121347
1631467.7076832992, 0.07035570481011812
2170146.6271939445, 0.08662131312625022
2886686.8534032116, 0.09599769435116035
3839814.7319592265, 0.11923378945082119
5107646.906136944, 0.13747431206455818
6794092.616145345, 0.1585217115265734
9037369.913197968, 0.18066763570748334
12021333.761904756, 0.1996892386346549
10529351.835, 0.20161896646784622
7915731.265000001, 0.17273987937112592
5950869.765000001, 0.14338880256628742
