407.8082081340349, 1.3496529961870042e-05
789.33411538952, 5.0223146809784066e-05
1527.7974628528775, 0.00011308988302622706
2957.1318938214463, 0.00022141333353803907
5723.683439771562, 0.00037875577948757235
11078.488648803317, 0.0006844597090700043
21442.994189518384, 0.0011089732406959615
41504.03673170585, 0.002018659429315537
80333.23377333238, 0.00371565992336881
155489.17543124044, 0.007011020844913884
300957.4311984554, 0.011678612600872136
582518.8482887452, 0.0184178699672728
1127495.6968511909, 0.028642216441033222
2182326.8897692664, 0.04213656792474897
4224007.831790928, 0.05865339469455268
8175788.075872304, 0.07809433111122249
15824665.418111939, 0.09958598566487895
30629467.553618025, 0.10842718506494757
59284936.38446045, 0.11064608290311262
114749094.99999991, 0.06948690959517484
87017015.69, 0.0930780412009423
44957201.965, 0.11728108866723473
23227066.485, 0.10656107463285049
