4078.0820813403493, 0.00044282666707607814
9867.413104007828, 0.0009907657143384675
23875.400107970367, 0.0025559116331508695
57769.41983751968, 0.005625142961617324
139780.10225049645, 0.01138509970269733
338214.87285336264, 0.022994508589053934
463708.78721993987, 0.028843460596107526
635766.9535077312, 0.03537302755387062
871666.9390627444, 0.043551144749079694
1195097.1161098178, 0.05387140802658821
1638535.3773652662, 0.0655170958321572
2246510.469054495, 0.07815576734427919
3080073.434658835, 0.09461931732745225
4222928.178422358, 0.1139398669597657
5789836.761502052, 0.13270512756252822
7938143.465505046, 0.1546503218599855
10883574.83546611, 0.17923913588291313
14921902.295407198, 0.18996541526740515
20458642.631655335, 0.18288139274555992
28049778.777777757, 0.24527592601874593
24254210.705, 0.24520074181745277
17690272.465, 0.2153108449033465
12902738.57, 0.18937647235727534
