407.8082081340349, 5.450714469432564e-05
797.7149384679452, 0.00014875908239493036
1560.4127390338545, 0.0003131321906137561
3052.328342773009, 0.0005186695487319424
5970.6692204166175, 0.0006895721586589425
11679.245132338447, 0.0009439388338991287
22845.80870680584, 0.001347348482912862
44688.7593807583, 0.0020377723157076534
87415.82496032941, 0.002076381543199467
170994.3744105184, 0.003693994618555027
334482.6419394169, 0.0047023767954000525
407.8082081340349, 5.450714469432564e-05
797.7149384679452, 0.00014875908239493036
1560.4127390338545, 0.0003131321906137561
3052.328342773009, 0.0005186695487319424
5970.6692204166175, 0.0006895721586589425
11679.245132338447, 0.0009439388338991287
22845.80870680584, 0.001347348482912862
44688.7593807583, 0.0020377723157076534
87415.82496032941, 0.002076381543199467
170994.3744105184, 0.003693994618555027
334482.6419394169, 0.0047023767954000525
654282.564233237, 0.0031559063688876405
1279844.2136712014, 0.00328892267277241
4078.0820813403493, 0.0005640921693105471
11590.450351242538, 0.0009518877925003847
32941.59770822098, 0.001709309990648618
93624.39134678988, 0.002246716370369235
266092.9422032659, 0.004459365775304516
756271.4467015672, 0.0031111707303454563
1098230.6053501638, 0.003474562932649904
1594811.5822541842, 0.0033133128521699575
2315928.8864301364, 0.0035717799038455494
3363109.8912765933, 0.003723491848571899
4883789.052019175, 0.004008468028280356
7092065.461937275, 0.0037194958958410755
10298846.240217604, 0.004480036917042407
14955619.692020064, 0.005175836642087351
21718021.14094015, 0.006533476187475053
31538140.979206335, 0.008728808218314744
45798571.14833062, 0.012076952164870484
66507062.68995446, 0.01774572563001377
96579200.54579608, 0.02297220646625071
140248893.88888878, 0.027037247116657212
118414047.22, 0.030346001134429947
81543131.62, 0.019096237474002645
56152816.92, 0.010966156173189641
