407.8082081340349, 0.00010846932798583842
797.7149384679452, 0.00019857784848225662
1560.4127390338545, 0.00042427325777386196
3052.328342773009, 0.0007331326270287662
5970.6692204166175, 0.0010813003473336814
11679.245132338447, 0.0017030328817269076
22845.80870680584, 0.0024879673176958156
44688.7593807583, 0.003682609279004437
87415.82496032941, 0.005250882625127267
170994.3744105184, 0.008247944724611008
334482.6419394169, 0.011367717709659395
407.8082081340349, 0.00010846932798583842
797.7149384679452, 0.00019857784848225662
1560.4127390338545, 0.00042427325777386196
3052.328342773009, 0.0007331326270287662
5970.6692204166175, 0.0010813003473336814
11679.245132338447, 0.0017030328817269076
22845.80870680584, 0.0024879673176958156
44688.7593807583, 0.003682609279004437
87415.82496032941, 0.005250882625127267
170994.3744105184, 0.008247944724611008
334482.6419394169, 0.011367717709659395
654282.564233237, 0.012899754866148866
1279844.2136712014, 0.01670489496903917
4078.0820813403493, 0.0008851800946508979
11590.450351242538, 0.0016883659125163078
32941.59770822098, 0.0030371069619492997
93624.39134678988, 0.005507279821714279
266092.9422032659, 0.010484421389075247
756271.4467015672, 0.013552807140591898
1098230.6053501638, 0.015805500775453802
1594811.5822541842, 0.017943178850270306
2315928.8864301364, 0.01983664860638183
3363109.8912765933, 0.021809675175374608
4883789.052019175, 0.023928133759229468
7092065.461937275, 0.026182210380677882
10298846.240217604, 0.02923232982961727
14955619.692020064, 0.033007586223677346
21718021.14094015, 0.03917193424396853
31538140.979206335, 0.04842721344381962
45798571.14833062, 0.060410515413826735
66507062.68995446, 0.08598106439930324
96579200.54579608, 0.09592928153072507
140248893.88888878, 0.11548631719928355
118414047.22, 0.13792121507302998
81543131.62, 0.08948079972705474
56152816.92, 0.07277124144920248
