407.8082081340349, 0.00010390424457355825
789.33411538952, 0.00025408278386157
1527.7974628528775, 0.00044031552823384934
2957.1318938214463, 0.000636200579479082
5723.683439771562, 0.0008550808323922334
11078.488648803317, 0.0011707680454135358
21442.994189518384, 0.0016971026613681179
41504.03673170585, 0.0026756762434584323
80333.23377333238, 0.0027852583156043166
155489.17543124044, 0.0049513495344465286
300957.4311984554, 0.006915026200335332
582518.8482887452, 0.0035625977973807402
1127495.6968511909, 0.0042685976372141814
2182326.8897692664, 0.004966085271317829
4224007.831790928, 0.0050615254610068645
8175788.075872304, 0.005144639818491208
15824665.418111939, 0.007543959160521838
30629467.553618025, 0.011497011213403725
59284936.38446045, 0.01772546795235394
114749094.99999991, 0.034789185101153336
87017015.69, 0.029282473057288712
44957201.965, 0.012975042541123086
23227066.485, 0.010109772780354345
