407.8082081340349, 1.3496529961870047e-05
789.3341153895201, 5.017297383594813e-05
1527.7974628528775, 0.0001126884992355395
2957.1318938214463, 0.0002213631605642031
5723.683439771562, 0.000378153703801541
11078.488648803317, 0.0006837071144624652
21442.994189518384, 0.0011077189163500626
41504.03673170585, 0.0020161006076499033
80333.23377333238, 0.0037038692745173622
155489.17543124044, 0.007004046801550687
300957.4311984554, 0.011664865206041089
582518.8482887452, 0.018450057008603114
1127495.6968511909, 0.02877048769485239
2182326.8897692664, 0.04254042195044525
4224007.831790928, 0.05879711415416752
8175788.075872304, 0.0784933086060849
15824665.418111939, 0.09905869379980954
30629467.553618025, 0.11945805685467858
59284936.38446045, 0.12627604297194794
114749094.99999991, 0.148046046146392
