407.8082081340349, 0.0015303743477305882
797.7149384679452, 0.0030477202286702167
1560.4127390338545, 0.004213836034325092
3052.328342773009, 0.005572581449072566
5970.6692204166175, 0.006370257850014379
11679.245132338447, 0.007212955725478112
22845.80870680584, 0.008737489807348824
44688.7593807583, 0.011544666681850618
87415.82496032941, 0.010598647916213814
170994.3744105184, 0.016595493029610768
334482.6419394169, 0.02159178692910205
407.8082081340349, 0.0015303743477305882
797.7149384679452, 0.0030477202286702167
1560.4127390338545, 0.004213836034325092
3052.328342773009, 0.005572581449072566
5970.6692204166175, 0.006370257850014379
11679.245132338447, 0.007212955725478112
22845.80870680584, 0.008737489807348824
44688.7593807583, 0.011544666681850618
87415.82496032941, 0.010598647916213814
170994.3744105184, 0.016595493029610768
334482.6419394169, 0.02159178692910205
654282.564233237, 0.012908437207265002
1279844.2136712014, 0.012534041828065346
4078.0820813403493, 0.0057616994635117155
11590.450351242538, 0.007246660115536841
32941.59770822098, 0.010323864742641476
93624.39134678988, 0.01124279813428126
266092.9422032659, 0.020251966469441125
756271.4467015672, 0.012079842727450645
1098230.6053501638, 0.013045979602960896
1594811.5822541842, 0.012392456656551965
2315928.8864301364, 0.013412931055247351
3363109.8912765933, 0.01383198961627405
4883789.052019175, 0.013536743201181424
7092065.461937275, 0.012502593922020175
10298846.240217604, 0.015231766421650732
14955619.692020064, 0.016462034402040724
21718021.14094015, 0.019667480806336488
31538140.979206335, 0.023500980918135184
45798571.14833062, 0.034173108599025226
66507062.68995446, 0.04711892277307293
96579200.54579608, 0.06377083207330833
140248893.88888878, 0.09100221411540059
118414047.22, 0.09588771520182253
81543131.62, 0.053085214137305735
56152816.92, 0.033244666787503735
