4078.0820813403493, 0.0002646720291224831
12070.060219533696, 0.0006402669262627469
35724.2328127165, 0.001141840517909064
105734.41945151058, 0.0019530929953864898
312946.3273671316, 0.0033392346480588878
926239.5757276419, 0.005359649924749563
1364671.5744595267, 0.005716284576964342
2010633.7009783003, 0.005774430620253038
2962359.5560791115, 0.005820180561042312
4364581.243825447, 0.006413300419235128
6430539.262143543, 0.007067256778755361
9474410.691855025, 0.007796311064190473
13959087.14629552, 0.00884457171647127
20566568.232617084, 0.01032504598077193
30301675.491663232, 0.012650163948282465
44644858.93888117, 0.01639251053926249
65777334.00322908, 0.02194446326149843
96912786.18430763, 0.029556401566250164
142786086.85393426, 0.04573748405997411
210373340.83333322, 0.04790780202683949
176579713.84, 0.052102539388770346
119849436.515, 0.03588508285419454
81345060.09, 0.02546321537753549
