407.8082081340349, 2.333043283371588e-05
782.4244575411414, 7.089441203019469e-05
1501.1665276667031, 0.00015789434866172875
2880.1514600767878, 0.0002743458209349643
5525.884224101359, 0.00047664325144150717
10602.010651675302, 0.0008425045766532409
20341.111992174596, 0.0014310837327227482
39026.63850019873, 0.0024868234481787684
74876.855956112, 0.004734221465212393
143659.40222711657, 0.008835360346562793
275626.20765419473, 0.01423783565029618
73851284.595, 0.11377875795699463
38492099.46, 0.1521799838174957
20062504.384999998, 0.1300285699964914
407.8082081340349, 2.333043283371588e-05
782.4244575411414, 7.089441203019469e-05
1501.1665276667031, 0.00015789434866172875
2880.1514600767878, 0.0002743458209349643
5525.884224101359, 0.00047664325144150717
10602.010651675302, 0.0008425045766532409
20341.111992174596, 0.0014310837327227482
39026.63850019873, 0.0024868234481787684
74876.855956112, 0.004734221465212393
143659.40222711657, 0.008835360346562793
275626.20765419473, 0.01423783565029618
528818.8950259546, 0.02247990798933898
1014596.638383985, 0.03486137811832538
1946614.1401198597, 0.05148825803342413
3734791.213728107, 0.07062541321475711
7165603.661587395, 0.09448730785773983
13747990.957625903, 0.11986639995261117
26377017.805795424, 0.1393504996331922
50607181.11262092, 0.1502681569846123
97095388.07692303, 0.09185838637996424
