4078.0820813403493, 3.6275060083390494e-05
12070.060219533696, 0.00013988225105462338
35724.2328127165, 0.0003337506219567269
105734.41945151058, 0.0007559561967862303
312946.3273671316, 0.0017880644415655194
926239.5757276419, 0.0045662925217834745
1364671.5744595267, 0.00590701472862768
2010633.7009783003, 0.007433025727848043
2962359.5560791115, 0.009109209615753138
4364581.243825447, 0.011039701046121874
6430539.262143543, 0.013216060811128255
9474410.691855025, 0.0156275871995338
13959087.14629552, 0.018192818018179624
20566568.232617084, 0.020587607780655527
30301675.491663232, 0.022614865880867585
44644858.93888117, 0.024014153825809403
65777334.00322908, 0.024154004898207505
96912786.18430763, 0.02223683318247353
142786086.85393426, 0.0199050172923663
210373340.83333322, 0.007033899720983074
176579713.84, 0.01464588241190918
119849436.515, 0.020491871752460193
81345060.09, 0.023024592068750255
