407.8082081340349, 0.00016550038927475358
789.3341153895201, 0.0003605155564874579
1527.7974628528775, 0.0006023038462093767
2957.1318938214463, 0.0009731003793592119
5723.683439771562, 0.0014399653228316755
11078.488648803317, 0.0022439360874481214
21442.994189518384, 0.00316500070983977
41504.03673170585, 0.004867251122859083
80333.23377333238, 0.007288387532880434
155489.17543124044, 0.011124342830638886
300957.4311984554, 0.01446086825693628
582518.8482887452, 0.01768329006996672
1127495.6968511909, 0.02293955101083371
2182326.8897692664, 0.027950769548927976
4224007.831790928, 0.03296331784616376
8175788.075872304, 0.039134481426799046
15824665.418111939, 0.049489966585358904
30629467.553618025, 0.06610909645927593
59284936.38446045, 0.10509752249979142
114749094.99999991, 0.1700038796454549
