698.060481245421, 1.803605407209011e-05
1255.2322823878446, 0.0001803605407209011
2257.1225919243125, 0.0003697391084778472
4058.692933935382, 0.00048697345994643296
7298.2249129556285, 0.0009108207306405505
13123.458154406466, 0.0012535057580102624
23598.225045754305, 0.001830659488317146
42433.64963396355, 0.00262424586748911
76302.96845490647, 0.00435570705840976
137205.80353688117, 0.006754502249997745
246719.5301232178, 0.010788217684769405
443643.96384923515, 0.01906143431567161
797747.817376132, 0.032148900169204735
1434487.1833862062, 0.053062236548475084
2579453.5998449195, 0.08483483483483485
4638299.282707202, 0.1162981162981163
8340456.380861274, 0.15265265265265268
14997568.80725646, 0.16216216216216217
26968196.92559377, 0.11351351351351349
48493436.15384612, 0.018018018018018018
37730816.54, 0.05405405405405404
20982882.87, 0.13256113256113253
11669012.595, 0.1628551628551628
