698.060481245421, 8.116224332440549e-05
1144.6303645049231, 0.0001172343514685857
1876.8841762953887, 0.00022545067590112633
3077.5823536287708, 0.00024348672997321648
5046.402576669465, 0.0004238472706941175
8274.735178341889, 0.0005771537303068835
13568.32738399533, 0.0007484962439917397
22248.386689296745, 0.0013140458134277663
36481.33600169085, 0.0021197668256491787
59819.522873922724, 0.0033222591362126255
98087.83638564972, 0.004972185300054152
160837.5190002094, 0.009658306955604249
263730.024754907, 0.01550079491255962
432445.9018615757, 0.030103274005713034
709094.3028222363, 0.030270270270270273
1162722.847252005, 0.05165165165165164
1906550.9540001547, 0.09009009009009009
3126227.8442276753, 0.11711711711711709
5126168.022689849, 0.10810810810810811
8405528.93333333, 0.12162162162162163
6765848.475, 0.16666666666666666
4126197.9299999997, 0.1373873873873874
2516389.395, 0.07593307593307594
