698.060481245421, 0.00011301624204850012
1144.6303645049231, 0.00019374212922600018
1876.8841762953887, 0.0003309761374277503
3077.5823536287708, 0.00038748425845200037
5046.402576669465, 0.0005892989763957506
8274.735178341889, 0.0008556944040815008
13568.32738399533, 0.001130162420485001
22248.386689296745, 0.0018042984170022732
36481.33600169085, 0.002699077406268403
59819.522873922724, 0.004340370806987461
98087.83638564972, 0.005552617662612375
160837.5190002094, 0.008355129322871259
263730.024754907, 0.011029411764705883
432445.9018615757, 0.023210070810385525
709094.3028222363, 0.015161290322580644
1162722.847252005, 0.01935483870967742
1906550.9540001547, 0.05465949820788531
3126227.8442276753, 0.046774193548387105
5126168.022689849, 0.0
8405528.93333333, 0.008064516129032258
6765848.475, 0.0
4126197.9299999997, 0.0
2516389.395, 0.023041474654377878
