698.060481245421, 3.2290354871000035e-05
1266.317346904868, 0.00016952436307275017
2297.1643090456073, 0.0003874842584520004
4167.173320061468, 0.0006135167425490006
7559.465124480712, 0.0008799121702347508
13713.255624173873, 0.0014611385579127512
24876.545723445543, 0.002123090832768252
45127.32381651039, 0.0028657689948012525
81863.26901973586, 0.004197746133230005
148504.14887988128, 0.006748684168039007
269394.1067662608, 0.009161870056731128
488694.6614474257, 0.011749003684487556
886517.0622846171, 0.01486468015308912
1608187.2050617754, 0.01978908188585608
2917333.683188708, 0.021240345297592
5292192.222571769, 0.022746071133167907
9600306.842526358, 0.029953917050691243
17415446.679650255, 0.022727272727272728
31592509.283997748, 0.014516129032258065
57310424.54545449, 0.0026881720430107525
44451466.915, 0.0
24503977.98, 0.013824884792626727
13507876.76, 0.035138248847926275
