698.060481245421, 3.2290354871000035e-05
1279.762580600756, 3.2290354871000035e-05
2346.203956115517, 0.00025025025025025025
4301.32361043722, 0.0005408634440892504
7885.667720182537, 0.0005489360328070006
14456.88839645522, 0.0012189608963802511
26503.985397792552, 0.0017840421066227516
48590.07157713425, 0.0022926151958410027
89080.75598576473, 0.0034147050276082534
163312.80916922155, 0.005578158803965256
299403.3149315069, 0.007588233394685007
548899.6573385082, 0.009220618091585833
1006304.2685257419, 0.012809874494347057
1844869.5810145587, 0.01631990837946173
3382221.3394156625, 0.017901453385324353
6200666.598073419, 0.0195852534562212
11367755.803677212, 0.026985111662531022
20840641.883920737, 0.023573200992555835
38207396.572798796, 0.008064516129032258
70046074.44444452, 0.004032258064516129
54126735.504999995, 0.008064516129032258
29524019.225, 0.008064516129032258
16104198.84, 0.03046594982078853
