698.06, -1.0000161459594734
1255.23, -0.9576334605777199
2257.12, -0.8299498423901186
4058.69, -0.8806135097790082
7298.22, -0.7299241171706118
13123.46, -0.8354308999698185
23598.23, -0.7593252970431217
42433.65, -0.7721416173096982
76302.97, -0.8151728707079025
137205.8, -0.7900354820538688
246719.53, -0.7913757350628935
443643.96, -0.7488072804561228
797747.82, -0.7214226528339714
1434487.18, -0.6666682257644096
2579453.6, -0.6175634859672834
4638299.28, -0.48583277062261815
8340456.38, -0.440487533597649
14997568.81, -0.3589550055195679
26968196.93, -0.2448365703458072
48493436.15, -0.26113489604276463
