698.060481245421, 5.410816221627032e-05
1266.317346904868, 0.00016232448664881097
2297.1643090456073, 0.0002975948921894868
4167.173320061468, 0.00045090135180225267
7559.465124480712, 0.0007575142710277845
13713.255624173873, 0.0011362714065416767
24876.545723445543, 0.0015961907853799745
45127.32381651039, 0.0022003985967949933
81863.26901973586, 0.0035891747603459313
148504.14887988128, 0.005969933897861826
269394.1067662608, 0.008916490302883115
488694.6614474257, 0.01581301581301581
886517.0622846172, 0.02702702702702703
1608187.2050617754, 0.04580734580734581
2917333.683188708, 0.07448293363786321
5292192.222571769, 0.10995610995610994
9600306.842526358, 0.14972114972114967
17415446.679650255, 0.19082719082719088
31592509.283997748, 0.17297297297297295
57310424.54545449, 0.22222222222222218
