698.060481245421, 0.0011029649780912249
1124.5384603842233, 0.0006824560963656833
1811.5718950701084, 0.0020084204883488344
2918.346367528065, 0.0016495757786260765
4701.301418972753, 0.005214636131893152
7573.547567198659, 0.0065473571715673135
12200.583974714322, 0.006301460891602195
19654.494542128406, 0.010057744914607833
31662.349647128372, 0.015734678008692073
51006.368188619315, 0.017406848080451856
82168.55744402875, 0.02637965288789212
132369.19373410914, 0.03266872904056683
213239.7597676388, 0.04760937760645157
343517.95809150796, 0.04618554168360659
553389.235009198, 0.05872429441202574
891480.7456514059, 0.07669731325849417
1436128.2612481168, 0.06674574740825344
2313526.5599578316, 0.05445788069720686
3726968.745102639, 0.0
6003949.238095234, 0.0
4865458.995, 0.0
3020247.6550000003, 0.044171173992352125
1874827.4100000001, 0.07142650675046465
