698.060481245421, 0.0
1307.366548602432, 0.0
2448.5088875898105, 1.803605407209011e-05
4585.703817353388, 1.803605407209011e-05
8588.361515480956, 0.00014428843257672087
16084.761785414354, 0.0003066129192255318
30124.437732059872, 0.0004058112166220274
56418.724801734774, 0.0008296584873161451
105664.13011806372, 0.0012264516769021274
197893.66797712207, 0.0017765513261008756
370626.28331565147, 0.0027054081108135158
694129.5458743738, 0.004923842761680601
1300004.4739013154, 0.006343843843843845
2434720.7840498704, 0.010782435979286372
4559880.689098617, 0.016803320174106694
8539998.522634959, 0.02265308787047918
15994184.878776735, 0.02963833398616008
29954800.256518155, 0.022386022386022383
56101018.28937521, 0.011088011088011088
105069111.6666668, 0.0
80585064.98, 0.0045045045045045045
43027909.275, 0.014864864864864866
22974492.57, 0.02822822822822823
