698.060481245421, 0.0015820626333925996
1175.8218128048986, 0.0012881787758932284
1980.5689802138002, 0.0026315153425397527
3336.095182677147, 0.003591884720243164
5619.360486338752, 0.004621978276890359
9465.321145329335, 0.0076621200241772615
15943.50542237442, 0.008586229410320901
26855.44011137074, 0.013915333054719536
45235.639495145006, 0.017595840895320097
76195.47741719296, 0.026809148409422466
128344.61596275376, 0.032192972173430895
216185.27772239994, 0.04178236726297029
364145.1879638974, 0.039630015147349595
613370.7129101278, 0.04159301364742062
1033169.3068896976, 0.04682360509635055
1740283.3135519119, 0.04751639277262671
2931354.997899253, 0.0805160256409593
4937611.052634291, 0.10033041723936303
8316973.865181177, 0.0
14009214.888888877, 0.10729140883588767
11163094.38, 0.0
6627292.46, 0.0
3934483.025, 0.07805179973406999
