698.060481245421, 1.803605407209011e-05
1266.317346904868, 0.00012625237850463075
2297.1643090456073, 0.0002705408110813516
4167.173320061468, 0.00041482924365807253
7559.465124480712, 0.0007214421628836045
13713.255624173873, 0.0011001992983974967
24876.545723445543, 0.0015601186772357944
45127.32381651039, 0.0021643264886508132
81863.26901973586, 0.003589174760345931
148504.14887988128, 0.005933861789717646
269394.1067662608, 0.00885866611155443
488694.6614474257, 0.015708015708015707
886517.0622846171, 0.026416246755229803
1608187.2050617754, 0.04358974358974358
2917333.683188708, 0.06991498540794316
5292192.222571769, 0.09748209748209745
9600306.842526358, 0.12441012441012436
17415446.679650255, 0.1375921375921376
31592509.283997748, 0.09549549549549548
57310424.54545449, 0.012012012012012012
44451466.915, 0.02927927927927928
24503977.98, 0.11325611325611322
13507876.76, 0.1422136422136422
