698.060481245421, 3.2290354871000035e-05
1255.2322823878446, 0.00025025025025025025
2257.1225919243125, 0.0005408634440892504
4058.692933935382, 0.0007346055733152508
7298.2249129556285, 0.0011624527753560012
13123.458154406466, 0.0016548806871387518
23598.225045754305, 0.0025025025025025025
42433.64963396355, 0.0033985598501727536
76302.96845490647, 0.005045367948593755
137205.80353688117, 0.007531725273660758
246719.5301232178, 0.010643138841136617
443643.96384923515, 0.013099143429925278
797747.817376132, 0.01551498280661536
1434487.1833862062, 0.021825984018940515
2579453.5998449195, 0.02567204301075269
4638299.282707202, 0.03176930596285435
8340456.380861274, 0.03449820788530466
14997568.80725646, 0.03306451612903225
26968196.92559377, 0.014516129032258065
48493436.15384612, 0.0
37730816.54, 0.01075268817204301
20982882.87, 0.02073732718894009
11669012.595, 0.03598014888337469
