698.060481245421, 0.00013314957353960632
1266.317346904868, 0.0004057110039481641
2297.1643090456073, 0.0006294557031487397
4167.173320061468, 0.0007042149538855843
7559.465124480712, 0.000851618852569906
13713.255624173873, 0.0010661123614520214
24876.545723445543, 0.0013415357174572128
45127.32381651039, 0.0016485979511194648
81863.26901973586, 0.002193365121533735
148504.14887988128, 0.0025940272865367063
269394.1067662608, 0.003380811895427959
488694.6614474257, 0.005884654047458685
886517.0622846171, 0.009567537149378861
1608187.2050617754, 0.015186995951453381
2917333.683188708, 0.025430093938409674
5292192.222571769, 0.03590400557311041
9600306.842526358, 0.0434329831216572
17415446.679650255, 0.07205345601285101
31592509.283997748, 0.12257550523744108
57310424.54545449, 0.062126609205937544
44451466.915, 0.0803899472863727
24503977.98, 0.09985670394476613
13507876.76, 0.06745409359783093
