698.060481245421, 0.0
1307.366548602432, 0.0
2448.5088875898105, 3.2290354871000035e-05
4585.703817353388, 3.2290354871000035e-05
8588.361515480956, 0.0002018147179437502
16084.761785414354, 0.0004036294358875004
30124.437732059872, 0.0005973715651135006
56418.724801734774, 0.001114017243049501
105664.13011806372, 0.0015983725661145017
197893.66797712207, 0.002349123316865252
370626.28331565147, 0.0033743420840195034
694129.5458743738, 0.005198747134231007
1300004.4739013154, 0.006048387096774193
2434720.7840498704, 0.008175641351282702
4559880.689098617, 0.00981635858402803
8539998.522634959, 0.009934548854604954
15994184.878776735, 0.011570827489481066
29954800.256518155, 0.006109481915933529
56101018.28937521, 0.004962779156327543
105069111.6666668, 0.0
80585064.98, 0.006720430107526881
43027909.275, 0.005645161290322581
22974492.57, 0.009318996415770608
