698.060481245421, 0.002002002002002002
1255.2322823878446, 0.01001001001001001
2257.1225919243125, 0.024024024024024024
4058.692933935382, 0.03403403403403404
7298.2249129556285, 0.04704704704704705
13123.458154406466, 0.06906906906906907
23598.225045754305, 0.1011011011011011
42433.64963396355, 0.13613613613613615
76302.96845490647, 0.17617617617617617
137205.80353688117, 0.2072072072072072
246719.5301232178, 0.20376175548589343
443643.96384923515, 0.12429378531073447
797747.817376132, 0.04568527918781726
1434487.1833862062, 0.03669724770642202
2579453.5998449195, 0.016666666666666666
4638299.282707202, 0.0
8340456.380861274, 0.0
14997568.80725646, 0.0
26968196.92559377, 0.0
48493436.15384612, 0.0
