698.060481245421, 1.803605407209011e-05
1279.762580600756, 1.803605407209011e-05
2346.203956115517, 0.0001803605407209011
4301.32361043722, 0.0003697391084778472
7885.667720182537, 0.00042384727069411755
14456.88839645522, 0.0008927846765684605
26503.985397792552, 0.0012625237850463077
48590.07157713425, 0.001821641461281101
89080.75598576473, 0.0026693360026693357
163312.80916922155, 0.004734464193923655
299403.3149315069, 0.006745484222961698
548899.6573385082, 0.011655011655011656
1006304.2685257419, 0.02007473711653775
1844869.5810145587, 0.03310411002718695
3382221.3394156625, 0.053361053361053346
6200666.598073419, 0.07207207207207206
11367755.803677212, 0.09459459459459457
20840641.883920737, 0.09355509355509353
38207396.572798796, 0.05405405405405406
70046074.44444452, 0.009009009009009009
54126735.504999995, 0.015765765765765764
29524019.225, 0.06106106106106105
16104198.84, 0.10360360360360359
