698.060481245421, 0.00020988730666150025
1124.5384603842233, 0.00010494365333075011
1811.5718950701084, 0.0003794116697342504
2918.346367528065, 0.00024217766153250022
4701.301418972753, 0.0007830411056217508
7573.547567198659, 0.000992928412283251
12200.583974714322, 0.001001001001001001
19654.494542128406, 0.0017613607770117254
31662.349647128372, 0.0025328254174096284
51006.368188619315, 0.003101736972704715
82168.55744402875, 0.004585705249841872
132369.19373410914, 0.007300509337860781
213239.7597676388, 0.010934937124111536
343517.95809150796, 0.015008960573476704
553389.235009198, 0.02346041055718475
891480.7456514059, 0.034562211981566816
1436128.2612481168, 0.024193548387096774
2313526.5599578316, 0.016129032258064516
3726968.745102639, 0.0
6003949.238095234, 0.0
4865458.995, 0.0
3020247.6550000003, 0.008064516129032258
1874827.4100000001, 0.026881720430107524
