698.060481245421, 0.00013314957353960632
1279.762580600756, 0.00013314957353960632
2346.203956115517, 0.0005572235913670572
4301.32361043722, 0.0006841824432861929
7885.667720182537, 0.000623745059141685
14456.88839645522, 0.0009343128640661863
26503.985397792552, 0.0011920863048863106
48590.07157713425, 0.001515404246597502
89080.75598576473, 0.0016800175332960874
163312.80916922155, 0.0025063626531279582
299403.3149315069, 0.0025554612838612945
548899.6573385082, 0.004297301674723907
1006304.2685257419, 0.007540444043271827
1844869.5810145587, 0.012003124099576419
3382221.3394156625, 0.019110353016384068
6200666.598073419, 0.026249778705754366
11367755.803677212, 0.036427059184896526
20840641.883920737, 0.06315057934799455
38207396.572798796, 0.07802030664724671
70046074.44444452, 0.06650821198303333
54126735.504999995, 0.06076908812266685
29524019.225, 0.07266743308461074
16104198.84, 0.050294697370703384
