698.060481245421, 0.005005005005005005
1144.6303645049231, 0.011011011011011011
1876.8841762953887, 0.015015015015015015
3077.5823536287708, 0.021021021021021023
5046.402576669465, 0.02702702702702703
8274.735178341889, 0.044044044044044044
13568.32738399533, 0.05805805805805806
22248.386689296745, 0.0815822002472188
36481.33600169085, 0.12170385395537525
59819.522873922724, 0.1893687707641196
98087.83638564972, 0.17486338797814208
160837.5190002094, 0.1981981981981982
263730.024754907, 0.22058823529411764
432445.9018615757, 0.21951219512195122
709094.3028222363, 0.04
1162722.847252005, 0.06666666666666667
1906550.9540001547, 0.0
3126227.8442276753, 0.0
5126168.022689849, 0.0
8405528.93333333, 0.0
