698.060481245421, 0.008008008008008008
1124.5384603842233, 0.005005005005005005
1811.5718950701084, 0.015015015015015015
2918.346367528065, 0.013013013013013013
4701.301418972753, 0.04104104104104104
7573.547567198659, 0.05105105105105105
12200.583974714322, 0.04904904904904905
19654.494542128406, 0.07644305772230889
31662.349647128372, 0.12060301507537688
51006.368188619315, 0.12955465587044535
82168.55744402875, 0.19607843137254902
132369.19373410914, 0.2
213239.7597676388, 0.3220338983050847
343517.95809150796, 0.19444444444444445
553389.235009198, 0.0
891480.7456514059, 0.21428571428571427
1436128.2612481168, 0.0
2313526.5599578316, 0.0
3726968.745102639, 0.0
6003949.238095234, 0.0
