698.06, -1.0
1307.37, -1.0
2448.51, -0.40007235282337517
4585.7, -0.40007235282337517
8588.36, -0.11461260212348301
16084.76, -0.10800127158427414
30124.44, -0.10728143793226694
56418.72, -0.09583847564500846
105664.13, -0.09562178018238726
197893.67, -0.09485002044412455
370626.28, -0.09664866102500494
694129.55, -0.09028316610154935
1300004.47, -0.08550656398800045
2434720.78, -0.08307912268468534
4559880.69, -0.0720559520264959
8539998.52, -0.06078397279153063
15994184.88, -0.05573113661835807
29954800.26, -0.037885853207879
56101018.29, -0.01879562735434404
105069111.67, 0.0
