698.060481245421, 0.012012012012012012
1175.8218128048986, 0.01001001001001001
1980.5689802138002, 0.01901901901901902
3336.095182677147, 0.028028028028028028
5619.360486338752, 0.035035035035035036
9465.321145329335, 0.05905905905905906
15943.50542237442, 0.06606606606606606
26855.44011137074, 0.10510510510510511
45235.639495145006, 0.1336206896551724
76195.47741719296, 0.19854721549636803
128344.61596275376, 0.19183673469387755
216185.27772239994, 0.2413793103448276
364145.1879638974, 0.13953488372093023
613370.7129101278, 0.09803921568627451
1033169.3068896976, 0.06666666666666667
1740283.3135519119, 0.0
2931354.997899253, 0.0
4937611.052634291, 0.0
8316973.865181177, 0.0
14009214.888888877, 0.0
