698.06, -0.8571692185618657
1266.32, -0.7348122505839003
2297.16, -0.6376522153264319
4167.17, -0.7122068421618027
7559.47, -0.5684605620475268
13713.26, -0.5866665296115953
24876.55, -0.590621993693293
45127.32, -0.6627620561833542
81863.27, -0.5693402619339217
148504.15, -0.5801212043811883
269394.11, -0.5928265939155537
488694.66, -0.5659885022245533
886517.06, -0.5044233984840143
1608187.21, -0.5001978558338328
2917333.68, -0.4530730401817305
5292192.22, -0.3777370006097573
9600306.84, -0.3482032076744411
17415446.68, -0.28770178613868164
31592509.28, -0.18000785142120077
57310424.55, -0.1882289062588368
