698.060481245421, 0.0002521957336661388
1245.8138581545995, 0.0016169377065522656
2223.377788699637, 0.0035502874404985635
3968.0155738558415, 0.004437861136155573
7081.633933012893, 0.007292439045820873
12638.443128001087, 0.01041178696619835
22555.563618601256, 0.014232255508539368
40254.43996544168, 0.020455785303268095
71841.25231058353, 0.02802912891964419
128213.57191861988, 0.03346949120036286
228820.06501032773, 0.041203458138356304
408370.3571144858, 0.040645824319421764
728809.9868439671, 0.041099601539694504
1300691.854023562, 0.04551448191759496
2321317.3936452237, 0.05444014423495433
4142806.3267798806, 0.04823377740673937
7393579.313277846, 0.04125498596062028
13195165.486825958, 0.07317009198062223
23549134.30252131, 0.054457880697206876
42027644.66666665, 0.0
32788389.485, 0.0
18372149.895, 0.06367053377595167
10294372.4, 0.05881816259957275
