698.060481245421, 0.0006631325770258276
1144.6303645049231, 0.0013965345167945952
1876.8841762953887, 0.0019310030438462677
3077.5823536287708, 0.0026687934348456673
5046.402576669465, 0.0035138950359410804
8274.735178341889, 0.0056162247657166806
13568.32738399533, 0.0074257637024292
22248.386689296745, 0.010711100572134332
36481.33600169085, 0.016020823972987472
59819.522873922724, 0.024545066966712277
98087.83638564972, 0.02421998300897114
160837.5190002094, 0.03246578307007195
263730.024754907, 0.039690286135068954
432445.9018615757, 0.061551555224107796
709094.3028222363, 0.040190752245721925
1162722.847252005, 0.04462041703493857
1906550.9540001547, 0.08407195688856528
3126227.8442276753, 0.0846582159484562
5126168.022689849, 0.0
8405528.93333333, 0.06298588448311818
6765848.475, 0.0
4126197.9299999997, 0.0
2516389.395, 0.06385440765230885
