698.060481245421, 0.002002002002002002
1279.762580600756, 0.002002002002002002
2346.203956115517, 0.01001001001001001
4301.32361043722, 0.023023023023023025
7885.667720182537, 0.023023023023023025
14456.88839645522, 0.043043043043043044
26503.985397792552, 0.06606606606606606
48590.07157713425, 0.08308308308308308
89080.75598576473, 0.10810810810810811
163312.80916922155, 0.11911911911911911
299403.3149315069, 0.11311311311311312
548899.6573385082, 0.05944055944055944
1006304.2685257419, 0.028938906752411574
1844869.5810145587, 0.01775147928994083
3382221.3394156625, 0.0
6200666.598073419, 0.0
11367755.803677212, 0.0
20840641.883920737, 0.0
38207396.572798796, 0.0
70046074.44444452, 0.0
