698.060481245421, 0.0
1307.366548602432, 0.0
2448.5088875898105, 0.00013314957353960632
4585.703817353388, 0.00013314957353960632
8588.361515480956, 0.00042163495847418435
16084.761785414354, 0.0005506168338599409
30124.437732059872, 0.0005914890866292086
56418.724801734774, 0.000859035121904597
105664.13011806372, 0.0011296676254481217
197893.66797712207, 0.0014389335300553305
370626.28331565147, 0.0017238354378242015
694129.5458743738, 0.0023355471339260828
1300004.4739013154, 0.002299882681788275
2434720.7840498704, 0.004005982716986635
4559880.689098617, 0.005859975869395634
8539998.522634959, 0.00784913872055837
15994184.878776735, 0.012960871637266872
29954800.256518155, 0.021412690746522064
56101018.28937521, 0.02701814094195138
105069111.6666668, 0.0
80585064.98, 0.027027027027027025
43027909.275, 0.023818565885409527
22974492.57, 0.019319059990894602
