698.060481245421, 0.0002521957336661388
1255.2322823878446, 0.0013610633552488254
2257.1225919243125, 0.003169012919032729
4058.692933935382, 0.004447835221802187
7298.2249129556285, 0.006256917652758304
13123.458154406466, 0.009131989099250504
23598.225045754305, 0.013424120380961484
42433.64963396355, 0.018080614708162804
76302.96845490647, 0.024505702962303623
137205.80353688117, 0.03157505854017371
246719.5301232178, 0.03812359464353109
443643.96384923515, 0.037385440505745965
797747.817376132, 0.036984676436859196
1434487.1833862062, 0.038618555034589226
2579453.5998449195, 0.04023893654292664
4638299.282707202, 0.040519823278519246
8340456.380861274, 0.04816047754896248
14997568.80725646, 0.06806279618679996
26968196.92559377, 0.05188938045853359
48493436.15384612, 0.0
37730816.54, 0.05889489865646947
20982882.87, 0.05032334024848285
11669012.595, 0.05648909398427897
