698.060481245421, 0.00013314957353960632
1245.8138581545995, 0.0005719164207706061
2223.377788699637, 0.0007030591760610329
3968.0155738558415, 0.0007188448045659944
7081.633933012893, 0.0010566110987294903
12638.443128001087, 0.0012415435874343279
22555.563618601256, 0.0015689812133430256
40254.43996544168, 0.0018545151073878813
71841.25231058353, 0.002592710218886922
128213.57191861988, 0.0027394353798895197
228820.06501032773, 0.004755882725971869
408370.3571144858, 0.008320180974639534
728809.9868439671, 0.014223485370137312
1300691.854023562, 0.021715473576427113
2321317.3936452237, 0.034310151984583426
4142806.3267798806, 0.047449348044193485
7393579.313277846, 0.05700261498473707
13195165.486825958, 0.10941632369921687
23549134.30252131, 0.13196276341333735
42027644.66666665, 0.08102545083022247
32788389.485, 0.1509886497294479
18372149.895, 0.1271054500604703
10294372.4, 0.07284216949908211
