698.060481245421, 0.0
1266.317346904868, 2.705408110813516e-05
2297.1643090456073, 7.214421628836044e-05
4167.173320061468, 9.91982973964956e-05
7559.465124480712, 0.00024348672997321648
13713.255624173873, 0.00047795543291038784
24876.545723445543, 0.0008386765143521901
45127.32381651039, 0.0013346680013346683
81863.26901973586, 0.002642281921561201
148504.14887988128, 0.0049779509238968705
269394.1067662608, 0.007644358093652061
488694.6614474257, 0.013503013503013504
886517.0622846172, 0.02282791265842114
1608187.2050617754, 0.038184338184338175
2917333.683188708, 0.061286638751427494
5292192.222571769, 0.08616308616308614
9600306.842526358, 0.10810810810810807
17415446.679650255, 0.11711711711711711
31592509.283997748, 0.07387387387387387
57310424.54545449, 0.006006006006006006
