698.060481245421, 0.0
1266.317346904868, 0.00016232448664881092
2297.1643090456073, 0.0003481005161128476
4167.173320061468, 0.000378971789617558
7559.465124480712, 0.0005241328206303742
13713.255624173873, 0.0008481740880359637
24876.545723445543, 0.0011831843927619904
45127.32381651039, 0.0015917264781670072
81863.26901973586, 0.002255552607566846
148504.14887988128, 0.002661861291925542
269394.1067662608, 0.003477922020855009
488694.6614474257, 0.00604392133121648
886517.0622846172, 0.009588077020756838
1608187.2050617754, 0.015993759375469613
2917333.683188708, 0.02519858266225408
5292192.222571769, 0.034725412736314215
9600306.842526358, 0.04090154075179074
17415446.679650255, 0.07461452562771742
31592509.283997748, 0.10714283781851175
57310424.54545449, 0.04433880798868891
