698.060481245421, 0.00016232448664881097
1124.5384603842233, 7.214421628836044e-05
1811.5718950701084, 0.0002705408110813516
2918.346367528065, 0.0001533064596127659
4701.301418972753, 0.000523045568090613
7573.547567198659, 0.0006673340006673342
12200.583974714322, 0.000649297946595244
19654.494542128406, 0.0012508608452446203
31662.349647128372, 0.0017882203811852054
51006.368188619315, 0.002407265565160302
82168.55744402875, 0.0035918271212388854
132369.19373410914, 0.00768136557610242
213239.7597676388, 0.009925179416704838
343517.95809150796, 0.018768768768768766
553389.235009198, 0.0343980343980344
891480.7456514059, 0.03989703989703989
1436128.2612481168, 0.05067567567567568
2313526.5599578316, 0.05765765765765766
3726968.745102639, 0.08408408408408409
6003949.238095234, 0.0990990990990991
4865458.995, 0.11261261261261261
3020247.6550000003, 0.14414414414414414
1874827.4100000001, 0.07057057057057056
