698.060481245421, 1.803605407209011e-05
1245.8138581545995, 0.00020741462182903626
2223.377788699637, 0.0004058112166220274
3968.0155738558415, 0.0005681357032708384
7081.633933012893, 0.0010551091632172713
12638.443128001087, 0.0014068122176230287
22555.563618601256, 0.0018937856775694615
40254.43996544168, 0.0030120210300390478
71841.25231058353, 0.005338672005338673
128213.57191861988, 0.007148552418135328
228820.06501032773, 0.012475270188518827
408370.3571144858, 0.021908271908271923
728809.9868439671, 0.0371359731824848
1300691.854023562, 0.060904654654654666
2321317.3936452237, 0.09609609609609611
4142806.3267798806, 0.1342342342342342
7393579.313277846, 0.1642819289878113
13195165.486825958, 0.20020020020020016
23549134.30252131, 0.13513513513513511
42027644.66666665, 0.02102102102102102
32788389.485, 0.0960960960960961
18372149.895, 0.17717717717717718
10294372.4, 0.18468468468468469
