698.060481245421, 0.0002521957336661388
1279.762580600756, 0.0002521957336661388
2346.203956115517, 0.0013610633552488254
4301.32361043722, 0.00308895473890341
7885.667720182537, 0.0030599264401129237
14456.88839645522, 0.005910474706901551
26503.985397792552, 0.008957340221584405
48590.07157713425, 0.01135907035981572
89080.75598576473, 0.015498064794138986
163312.80916922155, 0.020812084053667843
299403.3149315069, 0.024507581647475053
548899.6573385082, 0.02438304156203834
1006304.2685257419, 0.02709983371850817
1844869.5810145587, 0.027296119595835295
3382221.3394156625, 0.026423345473015905
6200666.598073419, 0.023951623703455188
11367755.803677212, 0.03487627037535468
20840641.883920737, 0.053666324451320524
38207396.572798796, 0.035763802945295894
70046074.44444452, 0.04471990526777991
54126735.504999995, 0.04417117399235211
29524019.225, 0.03779408012358987
16104198.84, 0.04591802141691381
