698.060481245421, 0.0003847221817800061
1175.8218128048986, 0.0004273821789743901
1980.5689802138002, 0.0005977802458017134
3336.095182677147, 0.0005362504395320909
5619.360486338752, 0.0007337371824728509
9465.321145329335, 0.0009583748861840806
15943.50542237442, 0.0009209873968878275
26855.44011137074, 0.0014371804220754188
45235.639495145006, 0.001792542406929874
76195.47741719296, 0.003746478591047579
128344.61596275376, 0.005635279551371631
216185.27772239994, 0.010013327879637124
364145.1879638974, 0.013602950335623533
613370.7129101278, 0.0219611662503728
1033169.3068896976, 0.036245636683758825
1740283.3135519119, 0.0487519345821258
2931354.997899253, 0.08939370491103367
4937611.052634291, 0.10986641519475508
8316973.865181177, 0.1827642529093446
14009214.888888877, 0.21966099712138035
11163094.38, 0.24357668170442834
6627292.46, 0.15801118663775118
3934483.025, 0.095209285530848
