698.06, -0.8000310014435048
1279.76, -0.7500353211398029
2346.2, -0.48405412432504885
4301.32, -0.4455730769215605
7885.67, -0.37107452443952116
14456.89, -0.4219992175008035
26503.99, -0.39839596493191726
48590.07, -0.3726944183249059
89080.76, -0.3932843654859947
163312.81, -0.3829067962433132
299403.31, -0.3784590931935464
548899.66, -0.368168661369366
1006304.27, -0.36316098185536866
1844869.58, -0.3292676231542721
3382221.34, -0.28828123763015323
6200666.6, -0.2562624182112852
11367755.8, -0.22926887639105342
20840641.88, -0.1704972023514383
38207396.57, -0.12166449020897123
70046074.44, -0.003945592358010584
