698.060481245421, 0.002002002002002002
1266.317346904868, 0.006006006006006006
2297.1643090456073, 0.01701701701701702
4167.173320061468, 0.02702702702702703
7559.465124480712, 0.035035035035035036
13713.255624173873, 0.056056056056056056
24876.545723445543, 0.08408408408408409
45127.32381651039, 0.10710710710710711
81863.26901973586, 0.13813813813813813
148504.14887988128, 0.17217217217217218
269394.1067662608, 0.1540436456996149
488694.6614474257, 0.08158508158508158
886517.0622846171, 0.03389830508474576
1608187.2050617754, 0.03076923076923077
2917333.683188708, 0.014084507042253521
5292192.222571769, 0.0
9600306.842526358, 0.0
17415446.679650255, 0.0
31592509.283997748, 0.0
57310424.54545449, 0.0
