698.060481245421, 0.0001803605407209011
1175.8218128048986, 0.00012625237850463075
1980.5689802138002, 0.0003607210814418022
3336.095182677147, 0.0003697391084778472
5619.360486338752, 0.0005320635951266582
9465.321145329335, 0.0008296584873161452
15943.50542237442, 0.0009829649469289112
26855.44011137074, 0.0017855693531369206
45235.639495145006, 0.00245935590763177
76195.47741719296, 0.004428156970529852
128344.61596275376, 0.009413495127780842
216185.27772239994, 0.013793103448275864
364145.1879638974, 0.02053216006704379
613370.7129101278, 0.02808691043985161
1033169.3068896976, 0.05225225225225223
1740283.3135519119, 0.06206206206206206
2931354.997899253, 0.11081081081081079
4937611.052634291, 0.13213213213213212
8316973.865181177, 0.14714714714714716
14009214.888888877, 0.13063063063063063
11163094.38, 0.19369369369369369
6627292.46, 0.15315315315315314
3934483.025, 0.14414414414414414
