698.060481245421, 0.0
1307.366548602432, 0.0
2448.5088875898105, 0.0002521957336661388
4585.703817353388, 0.0002521957336661388
8588.361515480956, 0.0009165499347112701
16084.761785414354, 0.0018809651399730803
30124.437732059872, 0.0026542494931357666
56418.724801734774, 0.0044279896794146
105664.13011806372, 0.005709300918145681
197893.66797712207, 0.007683624624875856
370626.28331565147, 0.01005468713431522
694129.5458743738, 0.012429039544880349
1300004.4739013154, 0.011917044258502887
2434720.7840498704, 0.012609642746073327
4559880.689098617, 0.012589999439317677
8539998.522634959, 0.011363550676329909
15994184.878776735, 0.01572376390236933
29954800.256518155, 0.020717540542193748
56101018.28937521, 0.01889770001455064
105069111.6666668, 0.0
80585064.98, 0.032785782036694806
43027909.275, 0.018194377697868514
22974492.57, 0.018092371991575575
