0.021733614536015567, 0.0
0.04617968356079738, 0.000121333454666788
0.09812280282423483, 0.000212333545666879
0.20849178018744796, 0.00060666727333394
0.443004288040934, 0.0013801680468347136
0.9412975372276572, 0.0030333363666697
2.000073311951739, 0.005111171777838444
4.249764920200897, 0.013619680286346952
9.029919937957725, 0.03150119816786484
19.186815180843436, 0.011617678284344951
40.7682326436112, 0.011617678284344951
86.6245271671265, 0.016440683107349773
184.0601914859844, 0.01553241916370408
391.09193663470603, 0.01542207792207792
830.9939355481536, 0.015151515151515152
1765.6997146499843, 0.018222768222768224
3751.7668287897736, 0.021836007130124777
7971.771315825081, 0.03838383838383838
16938.456149288744, 0.07792207792207792
35990.90909090907, 0.0303030303030303
26464.685, 0.030303030303030304
12455.115, 0.06565656565656566
5861.77, 0.031746031746031744
