0.021733614536015567, 3.751285802567854e-05
0.04100933338662622, 2.5666692333359e-05
0.0773808434868733, 3.5538497076958605e-05
0.14601054063201857, 5.3307745615437925e-05
0.2755084723168062, 0.00014017962735911451
0.5198591690009484, 0.0002665387280771896
0.9809264786731965, 0.00047779534959022134
1.8509181215584973, 0.0007917187404366891
3.4925124025069807, 0.0028963875117721275
6.590049953908554, 0.0073544945339817135
12.434818660582648, 0.010113133117487256
23.463360096362617, 0.015474748184175258
44.27320430145995, 0.021895707288965716
83.53946796489207, 0.0281170002937597
157.63129906608287, 0.03747534516765286
297.4357755750042, 0.05241996662115006
561.2339752070196, 0.07001972386587768
1058.9969357846946, 0.09326570865032402
1998.2298997271143, 0.1794871794871795
3770.4761904761895, 0.2406311637080868
2884.355, 0.2416173570019724
1528.615, 0.11045364891518737
810.115, 0.09314047775586239
