0.021733614536015567, 0.0
0.04667000033565224, 0.0
0.10021751916692864, 0.000212333545666879
0.21520357993872183, 0.000424667091333758
0.4621206072892373, 0.0010313343646676978
0.9923415574321877, 0.002168835502168835
2.1309193986897834, 0.003897837231170565
4.575861455870484, 0.008432675099341766
9.826044136721158, 0.02284102284102284
21.10010198252931, 0.007037340370673704
45.30961773409058, 0.009630842964176297
97.29628135964681, 0.011071677738344405
208.93061649674857, 0.012858746192079525
448.6502659680876, 0.01252847380410023
963.4158197028468, 0.012165994924615614
2068.805285673734, 0.014506769825918761
4442.479791697502, 0.017618040873854827
9539.625036878959, 0.03429027113237639
20485.05566965662, 0.0625
43988.88888888886, 0.0101010101010101
32236.975, 0.026515151515151516
15012.345000000001, 0.049586776859504134
6991.054999999999, 0.027389277389277388
