0.02173361453601557, 0.0
0.04767665361293335, 0.0
0.1045874489013714, 0.0
0.22943167438936304, 0.00032670032499981826
0.5033002885723553, 0.000591306114891192
1.1040811219776385, 0.001460418371973273
2.422003626036381, 0.0034366509632707976
5.313107386553233, 0.0074369341468654
11.655271609664602, 0.014223153790031733
25.567967370443174, 0.010440847763591566
56.088006985094886, 0.01267774941933263
123.039289044021, 0.008502815718997653
269.9091563813486, 0.007238750753109213
592.095039434328, 0.006106600340614001
1298.8686283299555, 0.006186817150888221
2849.305603491486, 0.0068361220674418065
6250.472330312998, 0.00912125959748269
13711.55284436134, 0.012371160317086757
30078.795884262232, 0.018112657248575376
65983.33333333331, 0.0
48031.065, 0.024488546534599046
21895.175, 0.019600728615682357
9981.01, 0.011543109632877387
