0.021733614536015567, 0.001182612229782384
0.04100933338662622, 0.0008531174271498913
0.0773808434868733, 0.0011962464911402914
0.14601054063201857, 0.001819053655405037
0.2755084723168062, 0.003988347114118628
0.5198591690009484, 0.0075321015913036304
0.9809264786731965, 0.014598205050183072
1.8509181215584973, 0.021176490032798968
3.4925124025069807, 0.053316366216359594
6.590049953908554, 0.10065294896074511
12.434818660582648, 0.07979215054080735
23.463360096362617, 0.03655534385953766
44.27320430145995, 0.02795439925755634
83.53946796489207, 0.027912707330100213
157.63129906608287, 0.03142907826383449
297.4357755750042, 0.03864212039650444
561.2339752070196, 0.04810846487206249
1058.9969357846946, 0.08606448204359758
1998.2298997271143, 0.16636029385859197
3770.4761904761895, 0.24954044078788792
2884.355, 0.24896479886598458
1528.615, 0.1
810.115, 0.07322748542401193
