0.021733614536015567, 0.00028909390996871624
0.04287951939688038, 0.00022956987525985363
0.08459951199836277, 0.0003534492125356164
0.16691132575711262, 0.000391521301913278
0.3293091178414375, 0.0007462979921887932
0.6497132210867039, 0.001699820437498045
1.281857217989679, 0.0037462530017817416
2.5290510858989586, 0.006063723740239241
4.989712820837897, 0.007327118160524669
9.844496290822963, 0.011812803346498523
19.422782572836088, 0.019116637913439354
38.32034384769207, 0.020944631493341696
75.60444787448044, 0.022368787885991965
149.16443759283453, 0.02590756588623429
294.2952441015962, 0.030495639154083844
580.6323014955583, 0.03697322722106883
1145.5634309321154, 0.04827773010652244
2260.149101089923, 0.07411227840162928
4459.180365945443, 0.1162537438129497
8797.777777777774, 0.2370600272422004
6628.4800000000005, 0.24371149006992723
3359.665, 0.10091065962172518
1702.855, 0.05696969742118349
