0.02173361453601557, 0.0
0.045775436732071295, 0.00032670032499981826
0.0964124308241279, 0.0008707313431253875
0.20306429563575784, 0.002319114104307354
0.427694933211113, 0.0048942344130998025
0.9008129928590326, 0.009327312035252609
1.8972963790129915, 0.018461839312960387
3.9960941708787345, 0.04451837601008351
8.416591524218397, 0.09446965749291676
17.72706294105366, 0.0460603637454384
37.336819734192886, 0.03032200169407592
78.63897773134192, 0.021604404583070946
165.6297687552413, 0.018266767621795715
348.8501642485239, 0.01742969478477422
734.7497856865258, 0.02193956380165668
1547.533304819646, 0.026354261725450166
3259.4216101585425, 0.02303938328880211
6865.0084619707995, 0.03742774126794498
14459.11171357737, 0.08318014692929598
30453.846153846145, 0.10263839107526047
22456.48, 0.12407832844059999
10662.060000000001, 0.055145923751377765
5062.215, 0.030218971804619483
