0.021733614536015567, 0.000424667091333758
0.04287951939688038, 0.000273000273000273
0.08459951199836277, 0.000485333818667152
0.16691132575711262, 0.0006370006370006369
0.3293091178414375, 0.001334668001334668
0.6497132210867039, 0.003670337003670337
1.281857217989679, 0.00788667455334122
2.5290510858989586, 0.013468013468013467
4.989712820837897, 0.004064670731337398
9.844496290822963, 0.015894682561349228
19.422782572836088, 0.029954196620863287
38.32034384769207, 0.025281888653981677
75.60444787448044, 0.025368628816904677
149.16443759283453, 0.025022956841138658
294.2952441015962, 0.022161917684305744
580.6323014955583, 0.02941176470588235
1145.5634309321154, 0.039215686274509796
2260.149101089923, 0.06628787878787878
4459.180365945443, 0.12878787878787878
8797.777777777774, 0.26515151515151514
6628.4800000000005, 0.24242424242424243
3359.665, 0.11212121212121212
1702.855, 0.05785123966942149
