0.021733614536015567, 0.0
0.04174203895738671, 0.0002275002275002275
0.0801706413552425, 0.0005915005915005916
0.15397742649496368, 0.000849334182667516
0.2957322963771146, 0.001031334364667698
0.5679896924588625, 0.002912002912002912
1.0908929957657443, 0.006370006370006369
2.0951921205805157, 0.015212181878848544
4.024070224285627, 0.028619528619528618
7.728714236236986, 0.07132890466223799
14.843931744758823, 0.05827964686232402
28.509568721011593, 0.025214263850627482
54.756079631332774, 0.02905266254780818
105.16568264966962, 0.028745397904276406
201.98343054571666, 0.02489177489177489
387.9336413468759, 0.03396029258098223
745.073542329921, 0.045454545454545456
1431.0039767437336, 0.08874458874458872
2748.4164516871533, 0.13636363636363635
5278.666666666667, 0.2727272727272727
4013.545, 0.24242424242424243
2089.71, 0.1090909090909091
1088.035, 0.06363636363636364
