0.021733614536015567, 0.0
0.04667000033565224, 0.0
0.10021751916692864, 0.000591306114891192
0.21520357993872183, 0.001182612229782384
0.4621206072892373, 0.0026309712527698647
0.9923415574321877, 0.005531183025371964
2.1309193986897834, 0.01065665289544254
4.575861455870484, 0.02293320654463641
9.826044136721158, 0.05529826273756406
21.10010198252931, 0.018156488322489443
45.30961773409058, 0.025743774916578446
97.29628135964681, 0.014117500705259715
208.93061649674857, 0.012969740908119398
448.6502659680876, 0.013008735756399131
963.4158197028468, 0.014044048671682427
2068.805285673734, 0.0187614242771779
4442.479791697502, 0.017204447661358282
9539.625036878959, 0.03365382431580414
20485.05566965662, 0.0625
43988.88888888886, 0.05713994191406444
32236.975, 0.07697879330644536
15012.345000000001, 0.04526632706654266
6991.054999999999, 0.034638137766232126
