0.02173361453601557, 0.0
0.04767665361293335, 0.0
0.1045874489013714, 0.0
0.22943167438936304, 0.000121333454666788
0.5033002885723553, 0.000212333545666879
1.1040811219776385, 0.0005156671823338489
2.422003626036381, 0.001304334637667971
5.313107386553233, 0.002881669548336215
11.655271609664602, 0.004989838323171657
25.567967370443174, 0.0045500045500045504
56.088006985094886, 0.005338672005338672
123.039289044021, 0.0034276700943367613
269.9091563813486, 0.004095004095004095
592.095039434328, 0.004898838232171566
1298.8686283299555, 0.005151515151515151
2849.305603491486, 0.005144730890999548
6250.472330312998, 0.007122507122507123
13711.55284436134, 0.013257575757575758
30078.795884262232, 0.006238859180035651
65983.33333333331, 0.0
48031.065, 0.004329004329004329
21895.175, 0.01907968574635241
9981.01, 0.01038961038961039
