0.021733614536015567, 0.000424667091333758
0.04100933338662622, 0.00030333363666697
0.0773808434868733, 0.00043983377316710644
0.14601054063201857, 0.0005915005915005916
0.2755084723168062, 0.0016076682743349409
0.5198591690009484, 0.0030485030485030485
0.9809264786731965, 0.005657172323838991
1.8509181215584973, 0.008432675099341766
3.4925124025069807, 0.030985530985530984
6.590049953908554, 0.07187490520823855
12.434818660582648, 0.059009910425004766
23.463360096362617, 0.02998831040374067
44.27320430145995, 0.02672795369424583
83.53946796489207, 0.02611218568665377
157.63129906608287, 0.026969696969696966
297.4357755750042, 0.03554778554778555
561.2339752070196, 0.049783549783549784
1058.9969357846946, 0.08441558441558442
1998.2298997271143, 0.17676767676767677
3770.4761904761895, 0.26515151515151514
2884.355, 0.22727272727272727
1528.615, 0.1
810.115, 0.07407407407407408
