0.021733614536015567, 3.751285802567854e-05
0.04287951939688038, 2.5666692333359e-05
0.08459951199836277, 3.948721897439846e-05
0.16691132575711262, 5.330774561543792e-05
0.3293091178414375, 0.00011056421312831569
0.6497132210867039, 0.00032971827843622715
1.281857217989679, 0.0006969494148981329
2.5290510858989586, 0.0011451293502575553
4.989712820837897, 0.0014945912381809816
9.844496290822963, 0.005484774715543946
19.422782572836088, 0.01334668001334668
38.32034384769207, 0.018057275660137914
75.60444787448044, 0.023706424236928217
149.16443759283453, 0.03149841611380073
294.2952441015962, 0.04200889045894786
580.6323014955583, 0.05453068801485091
1145.5634309321154, 0.07738716788490543
2260.149101089923, 0.11760355029585799
4459.180365945443, 0.1849112426035503
8797.777777777774, 0.32938856015779094
6628.4800000000005, 0.3057199211045365
3359.665, 0.15305719921104535
1702.855, 0.09646763492917339
