0.021733614536015567, 9.871804743599615e-06
0.04543196844444522, 1.974360948719923e-05
0.09497102993690396, 3.751285802567854e-05
0.19852753107771373, 9.476932553855629e-05
0.4150021393049816, 0.00019941045582071222
0.8675208657095177, 0.00033959008317982676
1.813466440683374, 0.000694975053949413
3.790871968013281, 0.0019921301972584023
7.924442358279064, 0.0038579012937987297
16.565261823547676, 0.005441338774672108
34.62803903116265, 0.010730651756292781
72.38648564185019, 0.019652788883558113
151.31677825771067, 0.022722044342870937
316.3127368219049, 0.028481262327416178
661.2204451337194, 0.03631511776308157
1382.215845797572, 0.046887435551403164
2889.3853153429495, 0.06143618964131784
6039.973804309964, 0.09042633894704899
12625.966970563257, 0.15746219592373434
26393.333333333332, 0.2432610124917817
19509.65, 0.22928994082840237
9332.97, 0.1252465483234714
4464.68, 0.07761921336581971
