0.02173361453601557, 0.0
0.045775436732071295, 9.871804743599615e-06
0.0964124308241279, 2.7641053282078922e-05
0.20306429563575784, 8.292315984623676e-05
0.427694933211113, 0.00016782068064119345
0.9008129928590326, 0.0003020772251541482
1.8972963790129915, 0.0005449236218466988
3.9960941708787345, 0.0016703093626170551
8.416591524218397, 0.003265593009182753
17.72706294105366, 0.004556825069645582
37.336819734192886, 0.007467033108058748
78.63897773134192, 0.017289478827940366
165.6297687552413, 0.01944964797689962
348.8501642485239, 0.024358625880778643
734.7497856865258, 0.031352115163825835
1547.533304819646, 0.04101311793619485
3259.4216101585425, 0.0537146614069691
6865.0084619707995, 0.08016342631727247
14459.11171357737, 0.1581196581196581
30453.846153846145, 0.2241946088099934
22456.48, 0.21893491124260356
10662.060000000001, 0.10979618671926368
5062.215, 0.06674971452299387
