0.021733614536015567, 0.00028909390996871624
0.04100933338662622, 0.00020209973753270731
0.0773808434868733, 0.00027890949547433515
0.14601054063201857, 0.00034309599050959694
0.2755084723168062, 0.0007915882544589697
0.5198591690009484, 0.0014233239149565656
0.9809264786731965, 0.0025031891510082583
1.8509181215584973, 0.003943285701290216
3.4925124025069807, 0.00841760865915197
6.590049953908554, 0.012806797570875765
12.434818660582648, 0.016059326958002162
23.463360096362617, 0.021290348132129162
44.27320430145995, 0.024790954887345444
83.53946796489207, 0.027363677783687264
157.63129906608287, 0.032875608057600904
297.4357755750042, 0.042505601836361685
561.2339752070196, 0.05093446713819713
1058.9969357846946, 0.08857428100034263
1998.2298997271143, 0.1674864781390207
3770.4761904761895, 0.24982438813401567
2884.355, 0.24985942306898815
1528.615, 0.10855511203355814
810.115, 0.07264750668820923
