0.021733614536015567, 0.0
0.04617968356079738, 0.00032670032499981826
0.09812280282423483, 0.000591306114891192
0.20849178018744796, 0.001741462686250775
0.443004288040934, 0.003674877931985996
0.9412975372276572, 0.007899148035193787
2.000073311951739, 0.014655951626074767
4.249764920200897, 0.034161320498667665
9.029919937957725, 0.07740869518134517
19.186815180843436, 0.027721873311387885
40.7682326436112, 0.02822282729064163
86.6245271671265, 0.01845595118472133
184.0601914859844, 0.015781645647023203
391.09193663470603, 0.015524582763795708
830.9939355481536, 0.01681322051702579
1765.6997146499843, 0.022377801737302534
3751.7668287897736, 0.021301993587731053
7971.771315825081, 0.034932558516748646
16938.456149288744, 0.0711327996759956
35990.90909090907, 0.09582659576267816
26464.685, 0.0815934061687046
12455.115, 0.057952574000196995
5861.77, 0.029111458877102474
