0.021733614536015567, 0.001182612229782384
0.04287951939688038, 0.0008633026645286321
0.08459951199836277, 0.0014074811487997305
0.16691132575711262, 0.0015452162012861384
0.3293091178414375, 0.003986270270512818
0.6497132210867039, 0.009071704496975834
1.281857217989679, 0.01898267617871231
2.5290510858989586, 0.034270606885218
4.989712820837897, 0.01098599726650734
9.844496290822963, 0.01952827934720729
19.422782572836088, 0.03575023698704435
38.32034384769207, 0.02891949220288998
75.60444787448044, 0.026026692885244944
149.16443759283453, 0.026142591084456858
294.2952441015962, 0.024128410073901655
580.6323014955583, 0.03238128720959884
1145.5634309321154, 0.0413839100400852
2260.149101089923, 0.07288591441247673
4459.180365945443, 0.12494259471568668
8797.777777777774, 0.24954044078788792
6628.4800000000005, 0.2498851894313734
3359.665, 0.09926266275248
1702.855, 0.058438576957565914
