0.02173361453601557, 0.0
0.04617968356079738, 6.274617253178508e-05
0.09812280282423483, 0.00012518133505613982
0.20849178018744796, 0.0003425160615005766
0.443004288040934, 0.0007584527564510392
0.9412975372276572, 0.0017261290260757308
2.000073311951739, 0.0025569857101363884
4.249764920200897, 0.0062112052414907675
9.029919937957725, 0.014802524695650748
19.186815180843436, 0.015736587680868556
40.7682326436112, 0.017495652023608754
86.6245271671265, 0.01443486358926952
184.0601914859844, 0.013224499573144586
391.09193663470603, 0.014126997501865872
830.9939355481536, 0.01607612710936586
1765.6997146499843, 0.020055157489241554
3751.7668287897736, 0.024068916808730897
7971.771315825081, 0.027664709248675624
16938.456149288744, 0.020812832135947465
35990.90909090907, 0.0
