0.021733614536015567, 0.0
0.04174203895738671, 0.0005984596613871101
0.0801706413552425, 0.0013037172428696335
0.15397742649496368, 0.002471936510071203
0.2957322963771146, 0.0026767367356641853
0.5679896924588625, 0.0069213929820025185
1.0908929957657443, 0.015485531234126756
2.0951921205805157, 0.03859717901550822
4.024070224285627, 0.05865692385259666
7.728714236236986, 0.09881547622442115
14.843931744758823, 0.07550900306397214
28.509568721011593, 0.03084497915894701
54.756079631332774, 0.028774631290090814
105.16568264966962, 0.032182521047329465
201.98343054571666, 0.027782462452366746
387.9336413468759, 0.03473908089838931
745.073542329921, 0.045184382315848565
1431.0039767437336, 0.09226468175734683
2748.4164516871533, 0.12448239943299232
5278.666666666667, 0.24896479886598463
4013.545, 0.2498851894313734
2089.71, 0.09958591954639384
1088.035, 0.059381569522016446
