0.021733614536015567, 0.00032670032499981826
0.04543196844444522, 0.000591306114891192
0.09497102993690396, 0.001182612229782384
0.19852753107771373, 0.0026309712527698647
0.4150021393049816, 0.005763658386392997
0.8675208657095177, 0.010902892856252204
1.813466440683374, 0.022625095563590637
3.790871968013281, 0.05328373719562735
7.924442358279064, 0.112055850779934
16.565261823547676, 0.06372858512119933
34.62803903116265, 0.034808592163629
72.38648564185019, 0.023787894913043266
151.31677825771067, 0.01942678124549446
316.3127368219049, 0.019045448518597925
661.2204451337194, 0.021123451293496805
1382.215845797572, 0.026714182937588756
2889.3853153429495, 0.026824732666031696
6039.973804309964, 0.04208734285610207
12625.966970563257, 0.08298826628866153
26393.333333333332, 0.11439143083743561
19509.65, 0.12477022039394396
9332.97, 0.0620391642203
4464.68, 0.033597284892996016
