0.02173361453601557, 0.0
0.045775436732071295, 0.000121333454666788
0.0964124308241279, 0.00030333363666697
0.20306429563575784, 0.0008948342281675615
0.427694933211113, 0.001865501865501866
0.9008129928590326, 0.0034731701398368064
1.8972963790129915, 0.0065368398701732035
3.9960941708787345, 0.01836685170018503
8.416591524218397, 0.03778020444687111
17.72706294105366, 0.020065520065520065
37.336819734192886, 0.01768435101768435
78.63897773134192, 0.017987684654351323
165.6297687552413, 0.01822242525760114
348.8501642485239, 0.01702537744940572
734.7497856865258, 0.018430574400723654
1547.533304819646, 0.020683020683020685
3259.4216101585425, 0.02373737373737374
6865.0084619707995, 0.04112554112554112
14459.11171357737, 0.08838383838383838
30453.846153846145, 0.03535353535353536
22456.48, 0.10984848484848485
10662.060000000001, 0.062289562289562284
5062.215, 0.03189792663476874
