0.02173361453601557, 5.923082846159769e-06
0.04617968356079738, 1.5794887589759386e-05
0.09812280282423483, 2.5666692333359e-05
0.20849178018744796, 5.923082846159769e-05
0.443004288040934, 0.0001263591007180751
0.9412975372276572, 0.0002764105328207892
2.000073311951739, 0.0004284363258722233
4.249764920200897, 0.001206334539667873
9.029919937957725, 0.0027838489376950915
19.186815180843436, 0.0034432854945675457
40.7682326436112, 0.004333722282440231
86.6245271671265, 0.012987346320679655
184.0601914859844, 0.015641356208610183
391.09193663470603, 0.0200525969756739
830.9939355481536, 0.025878211369934834
1765.6997146499843, 0.03363718748334133
3751.7668287897736, 0.04617705070193758
7971.771315825081, 0.06745562130177514
16938.456149288744, 0.12538743307974073
35990.90909090907, 0.23734385272846814
