0.021733614536015567, 0.000121333454666788
0.04543196844444522, 0.000212333545666879
0.09497102993690396, 0.000424667091333758
0.19852753107771373, 0.0010313343646676978
0.4150021393049816, 0.0022446689113355778
0.8675208657095177, 0.003973670640337307
1.813466440683374, 0.00829617496284163
3.790871968013281, 0.022082688749355418
7.924442358279064, 0.04468104468104468
16.565261823547676, 0.027603360936694275
34.62803903116265, 0.02458519125185792
72.38648564185019, 0.02256802256802257
151.31677825771067, 0.019439133205863608
316.3127368219049, 0.019575757575757576
661.2204451337194, 0.017825311942959
1382.215845797572, 0.021265284423179157
2889.3853153429495, 0.02749719416386083
6039.973804309964, 0.046620046620046623
12625.966970563257, 0.09090909090909091
26393.333333333332, 0.045454545454545456
19509.65, 0.13257575757575757
9332.97, 0.07007575757575757
4464.68, 0.03654188948306595
