0.021733614536015567, 0.0
0.04667000033565224, 0.0
0.10021751916692864, 0.0001767246062678082
0.21520357993872183, 0.00028909390996871624
0.4621206072892373, 0.0006341111341288688
0.9923415574321877, 0.0012903290934780545
2.1309193986897834, 0.002215081646815166
4.575861455870484, 0.003796036386692428
9.826044136721158, 0.010943727616927548
21.10010198252931, 0.010995610882166424
45.30961773409058, 0.013422714073576258
97.29628135964681, 0.011095722336061735
208.93061649674857, 0.0094823555572755
448.6502659680876, 0.010269663290613618
963.4158197028468, 0.011858043774464753
2068.805285673734, 0.01447773112272024
4442.479791697502, 0.01823344033019597
9539.625036878959, 0.02285608424371956
20485.05566965662, 0.03871829285417089
43988.88888888886, 0.13828604155302993
32236.975, 0.12114131238154277
15012.345000000001, 0.03283244152267269
6991.054999999999, 0.020682391709752595
