0.02173361453601557, 0.0
0.04767665361293335, 0.0
0.1045874489013714, 0.0
0.22943167438936304, 9.891528648866103e-05
0.5033002885723553, 0.0001767246062678082
1.1040811219776385, 0.00034992449686602304
2.422003626036381, 0.0007844501543512325
5.313107386553233, 0.001726149350572527
11.655271609664602, 0.0026388129942657517
25.567967370443174, 0.003499338542023065
56.088006985094886, 0.004230851438679852
123.039289044021, 0.0034586352207644595
269.9091563813486, 0.00313270925336529
592.095039434328, 0.0032259015811746646
1298.8686283299555, 0.003606828858241451
2849.305603491486, 0.004544273387929054
6250.472330312998, 0.005787036629398645
13711.55284436134, 0.008055588924945987
30078.795884262232, 0.027338069799323617
65983.33333333331, 0.03293879040072412
48031.065, 0.05482281885383064
21895.175, 0.01237956464709477
9981.01, 0.00675448011337171
