1382.0585879410396, 2.7394755400128133e-05
4660.539148342294, 4.812289343294493e-05
15716.13920187715, 0.00011585348500504085
52997.52315150782, 0.0003128268183114836
178716.7588754323, 0.0002699139703840846
602663.6341406212, 0.00030044595748647686
930281.0341337211, 0.00037753222217068195
1435996.3891018091, 0.00047394607502062165
2216626.5395635534, 0.0005133295372829735
3421619.4784241486, 0.0005206308248795259
5281665.470556312, 0.0006096293453580222
8152861.625546546, 0.0007202835530109099
12584885.024592128, 0.000899403370219786
19426225.827987835, 0.0011372431966593067
29986626.74967206, 0.0013927365495112307
46287827.17683905, 0.002016672168406355
71450615.7241028, 0.0026639802999776133
110292290.62425897, 0.0032136250633299163
170248908.95436403, 0.003351739919906475
262798885.00000003, 0.0024625027982986343
216523896.975, 0.003458697112155809
140270599.785, 0.0032632467152279108
90871453.17, 0.0030960376091336466
