1382.0585879410396, 5.44252564519368e-05
4386.4382190872375, 0.00015192848055854726
13921.870185354324, 0.0004962312235272728
44185.84276748081, 0.0015557502089056734
140238.96754377373, 0.0043449202152383275
445096.5917123528, 0.010733267259049712
672344.675286825, 0.012677674095320562
1015616.3197014219, 0.01586743450228899
1534148.401493369, 0.01967134059273949
2317421.7193522356, 0.02398062939015697
3500602.3016402987, 0.029276543469202925
5287866.412883473, 0.03540898786400143
7987634.352922359, 0.04193422662509373
12065793.190337803, 0.050474984118839945
18226092.84296281, 0.05859518159495711
27531589.103177723, 0.07047328402029532
41588090.49625123, 0.08972695788049814
62821265.588507324, 0.11001979036868721
94895229.93361561, 0.14422059389430478
143344846.36363634, 0.12411279288524028
119120038.14500001, 0.1560415597742432
78858247.76, 0.13201641867624422
52204678.045, 0.0957791745054444
