1382.0585879410396, 0.0009750527334859081
3810.0443765533146, 0.002139785847855958
10503.48970583932, 0.004738715534048988
28955.908408729414, 0.009303162463594796
79825.33950679294, 0.014269097207805463
220061.64467123916, 0.022796597314753177
316104.98685935163, 0.023439540757196328
454065.3273160334, 0.025909247775873563
652236.8518101001, 0.028600102109697052
936898.030452476, 0.031501800194993226
1345796.265619924, 0.03523553021847978
1933153.3738861931, 0.039808708019336794
2776855.6522529298, 0.04582671259485881
3988781.9650584, 0.05392796253556623
5729639.404146439, 0.06342179988979425
8230273.800154157, 0.07662878788156438
11822280.958289204, 0.10028560177312451
16981977.81149269, 0.13510160589448558
24393564.27135381, 0.17187082225404401
35039851.33333333, 0.24951324706943093
29716707.799999997, 0.24977011591562856
20687771.04, 0.17349398240351138
14402129.385, 0.11382171197063286
