1382.0585879410396, 3.660985254109933e-05
4475.350298705503, 0.00010814431671281338
14491.976295999028, 0.0003283170291892714
46927.58397583879, 0.00103509101713309
151959.82196143866, 0.002896399477979776
492072.7967252951, 0.0075673897345267275
748651.2670032576, 0.00940043429781757
1139015.8596767036, 0.01162269205315249
1732925.8438153658, 0.014457872775646537
2636514.6320399498, 0.017712830373169012
4011256.1248762705, 0.021640206680612017
6102820.5585599, 0.026202236761836268
9284976.478815628, 0.03130872643987958
14126384.248876369, 0.03721519107614541
21492217.28263953, 0.04402807300447116
32698771.00794074, 0.053542900788283034
49748688.62383056, 0.06511122920178844
75688839.16737504, 0.08653876988199076
115154801.72397052, 0.09789315033350436
175199256.66666663, 0.09076235676415255
145177029.195, 0.12282473918248672
95421820.445, 0.09720796989909354
62718763.894999996, 0.07146001445962966
