1382.0585879410396, 0.001765884779881927
4475.350298705503, 0.0023464186198089354
14491.976295999028, 0.004761755534375987
46927.58397583879, 0.013040013672648348
151959.82196143866, 0.006880969121450348
492072.7967252951, 0.0058926861481192585
748651.2670032576, 0.006126759642823278
1139015.8596767036, 0.005687617686825651
1732925.8438153658, 0.0057955142680834555
2636514.6320399498, 0.005574399837065402
4011256.1248762705, 0.0062651564348467975
6102820.5585599, 0.006586991528846925
9284976.478815628, 0.007518871902911321
14126384.248876369, 0.008878897623915458
21492217.28263953, 0.010558127921594685
32698771.00794074, 0.014788333892428982
49748688.62383056, 0.022039429686456436
75688839.16737504, 0.03512133457196115
115154801.72397052, 0.04471716240193487
175199256.66666663, 0.04461194466548411
145177029.195, 0.0641369938487125
95421820.445, 0.042794354169240593
62718763.894999996, 0.026876157561372266
