1382.0585879410396, 0.0001855448463910519
3500.518325117385, 0.0006319281000274955
8866.214971926629, 0.00041439469467228584
22456.608029835104, 0.002061385316366288
56878.75218483116, 0.0017643424422499859
144064.1634660613, 0.002331316504519381
200770.9743341704, 0.0025370052714955675
279798.8282810403, 0.0026134110460839808
389933.7768672606, 0.002240737631520036
543420.2540306693, 0.002214515643454297
757322.3711555612, 0.0025061835574702283
1055421.04770411, 0.003186200720996117
1470857.8940262555, 0.00439999147185178
2049819.7843652181, 0.0068614282516230125
2856673.7585188327, 0.006746443616826425
3981123.1332891253, 0.013048066775400553
5548180.416173112, 0.01776359973136333
7732065.776366775, 0.02405137676292814
10775576.258440984, 0.052272218491157374
15017079.142857144, 0.057924781732706515
12896327.7, 0.0609189612715469
9253821.02, 0.034176553988508315
6640123.1, 0.024722968435191405
