1382.0585879410396, 0.000954724829265685
3500.518325117385, 0.0020435560380968835
8866.214971926629, 0.0036946503527885348
22456.608029835104, 0.007403701509529468
56878.75218483116, 0.012074687210267221
144064.1634660613, 0.01974877121541101
200770.9743341704, 0.02314480087521738
279798.8282810403, 0.026194859355397882
389933.7768672606, 0.029197925256417148
543420.2540306693, 0.030487973506104053
757322.3711555612, 0.03500809359774768
1055421.04770411, 0.040270414028937544
1470857.8940262555, 0.04677852983007045
2049819.7843652181, 0.05508322716970346
2856673.7585188327, 0.06412571029874224
3981123.1332891253, 0.08730912270738486
5548180.416173112, 0.11145538686895698
7732065.776366775, 0.13117901400478582
10775576.258440984, 0.23316138345915713
15017079.142857144, 0.23661733362801404
12896327.7, 0.23756631008637497
9253821.02, 0.16823806237583458
6640123.1, 0.1308032817173445
