1382.0585879410396, 0.0025294350382538385
4313.769645987705, 0.00338477767634044
13464.413680441421, 0.008412993229830353
42025.989015588435, 0.021734181061280815
131174.20443668787, 0.008887145169167847
409429.31535092776, 0.011986826835248158
614788.2250804757, 0.007934013684963817
923149.7294560911, 0.008321448224040311
1386177.2041637574, 0.009091649029860979
2081447.006950186, 0.008786353971395384
3125445.743681465, 0.00895972471132392
4693086.619106208, 0.010414677134147744
7047014.672694461, 0.0112515980717106
10581610.74526018, 0.011706763807909288
15889066.670751413, 0.015621389864360305
23858602.035674796, 0.020732648627374842
35825445.43944487, 0.03229772766621868
53794540.81238842, 0.042848613382865004
80776458.90285307, 0.06755307786016278
121291793.0769231, 0.10678460115704731
101034125.99000001, 0.0827839130096691
67285499.855, 0.05747423106066434
44809993.125, 0.038870385112013066
