138.20585879410396, 3.274182340370129e-06
286.51702590001224, 7.4792596598650985e-06
593.9835463334969, 1.6435111355583392e-05
1231.397862680739, 3.1329431021580844e-05
2552.832827735151, 7.068381875975513e-05
5292.323175041821, 0.00014284422955536348
10971.60937637024, 0.0003203723220398438
22745.43869039219, 0.000703371406295983
47153.97381286889, 0.0014670262874470162
97755.74244184386, 0.0028267589035931777
202659.16968694833, 0.005359338943869472
420136.3319667562, 0.009498162220712245
870992.1081347873, 0.012999707874725772
1805669.2428426028, 0.017942612038003573
3743365.047853247, 0.023426974172329657
7760436.711780876, 0.02748419587542023
16088299.481263284, 0.027695993939199588
33352940.022806913, 0.02186484521977082
69144573.63629358, 0.013040875662733025
143344846.36363634, 0.0017316572601334017
