1382.0585879410396, 0.0036772024465852576
3810.0443765533146, 0.00793121131276325
10503.48970583932, 0.019680945502719212
28955.908408729414, 0.02197794205044101
79825.33950679294, 0.013958837109575831
220061.64467123916, 0.016877502659207184
316104.98685935163, 0.01131781542514423
454065.3273160334, 0.011425198693980667
652236.8518101001, 0.01117256099785649
936898.030452476, 0.012709415803006812
1345796.265619924, 0.012142014791002468
1933153.3738861931, 0.018529009579119144
2776855.6522529298, 0.019854575845169885
3988781.9650584, 0.02364187963917959
5729639.404146439, 0.02494968330698079
8230273.800154157, 0.03429148506730836
11822280.958289204, 0.052718866120968516
16981977.81149269, 0.08007823784351463
24393564.27135381, 0.10559739457629455
35039851.33333333, 0.15739994521752557
29716707.799999997, 0.1639366746201672
20687771.04, 0.1060739750731514
14402129.385, 0.06404917174721679
