1382.0585879410396, 0.0009227921431278875
3620.3049914971934, 0.0021509691727392543
9483.395527381677, 0.004209495325633238
24841.77187833279, 0.007427355126516662
65073.066737891095, 0.013185849594159367
170459.0169901447, 0.019527983569790214
240427.31303095596, 0.02288464113836309
339115.4887079249, 0.02502963425019741
478312.19020780677, 0.02864417046319894
674644.9481652447, 0.03142591411361785
951566.3940890629, 0.03519970790041482
1342155.7588509202, 0.04014648019051666
1893070.301984712, 0.04667789892697762
2670118.6837842693, 0.055314124814919506
3766122.0389011204, 0.0677512706179998
5312001.784053542, 0.08165276578555046
7492418.637082014, 0.09508346567102481
10567830.98262754, 0.1349033168654017
14905607.53301382, 0.1643331227778286
21023910.80000001, 0.24374494956860446
17964759.165, 0.24519105079423234
12736719.254999999, 0.16998692186454709
9030124.81, 0.13583759431643175
