138.20585879410396, 3.282888888440713e-05
1382.0585879410396, 9.669396282335615e-05
4252.478822768711, 0.00018851401210926618
13084.52210049711, 0.0007734956805921659
40259.981468156824, 0.00236737745132641
123876.59979990765, 0.00159091260501603
381157.94936775515, 0.0020366335526766353
569419.0854473988, 0.0014320407116523784
850665.9651453714, 0.0016692985799768875
1270826.0097888012, 0.0017712779017454159
1898511.0646571326, 0.002061638090306154
2836221.665957691, 0.002193261091850749
4237085.307638478, 0.0028141808699229786
6329862.055455318, 0.003560121160620057
9456300.907810677, 0.004811377712653737
14126947.171304315, 0.0061715204428434796
21104514.15690278, 0.008874604240621699
31528433.737165786, 0.01177524065368256
47100924.78455499, 0.018095664502649055
70364964.33836919, 0.022232482650548467
105119554.00000003, 0.026192075218267292
87742259.17, 0.024736959928363556
58732944.56, 0.01946496530109693
39314679.26, 0.014117416610700694
