1382.0585879410396, 0.0001631224138005068
4660.539148342294, 0.00033523829134585073
15716.13920187715, 0.0007207994771174271
52997.52315150782, 0.0015963692529443946
178716.7588754323, 0.0025867087643911294
602663.6341406212, 0.003963118388707364
930281.0341337211, 0.004435423461652136
1435996.3891018091, 0.004729131436828348
2216626.5395635534, 0.004833956563678798
3421619.4784241486, 0.004686132815038416
5281665.470556312, 0.00527851087361687
8152861.625546546, 0.005924724146720548
12584885.024592128, 0.006713287605649514
19426225.827987835, 0.0076195361911254094
29986626.74967206, 0.008706721204365764
46287827.17683905, 0.01074449254382399
71450615.7241028, 0.015404503634506541
110292290.62425897, 0.026793921751187076
170248908.95436403, 0.05044293641250742
262798885.00000003, 0.08175020995745343
216523896.975, 0.07389365548474737
140270599.785, 0.03757194629435334
90871453.17, 0.02076801376131999
