1382.0585879410396, 0.0008082712992952362
4313.769645987705, 0.0017026339451752476
13464.413680441421, 0.004138248660111146
42025.989015588435, 0.009030468504774925
131174.20443668787, 0.014831050463597518
409429.31535092776, 0.02053106633308494
614788.2250804757, 0.020668034223485444
923149.7294560911, 0.0226280723027905
1386177.2041637574, 0.024768373876518188
2081447.006950186, 0.02697182316883452
3125445.743681465, 0.030115692840420063
4693086.619106208, 0.03371866511901937
7047014.672694461, 0.037190493742306506
10581610.74526018, 0.040651250889570535
15889066.670751413, 0.04637141299801079
23858602.035674796, 0.05082654714985938
35825445.43944487, 0.062254285510552426
53794540.81238842, 0.07564621459942295
80776458.90285307, 0.12660990292380817
121291793.0769231, 0.24906116314993396
101034125.99000001, 0.16797343026351283
67285499.855, 0.102235641154619
44809993.125, 0.0700177019175018
