1382.0585879410396, 0.0021972383178069173
4386.4382190872375, 0.002870468227746795
13921.870185354324, 0.0066156817746574606
44185.84276748081, 0.017640592007365515
140238.96754377373, 0.0058182875243347545
445096.5917123528, 0.009636158915427412
672344.675286825, 0.006862318587511268
1015616.3197014219, 0.006996437421142382
1534148.401493369, 0.007368180907056723
2317421.7193522356, 0.007595181645568481
3500602.3016402987, 0.007646191874072986
5287866.412883473, 0.008566733049046822
7987634.352922359, 0.009750293546698227
12065793.190337803, 0.011149366755952194
18226092.84296281, 0.014047198629216967
27531589.103177723, 0.018433243543747542
41588090.49625123, 0.029155909760303262
62821265.588507324, 0.04204794917598932
94895229.93361561, 0.06407449324697481
143344846.36363634, 0.054545667002444335
119120038.14500001, 0.0765465485656944
78858247.76, 0.05512490921038377
52204678.045, 0.03389950240307182
