1382.0585879410396, 5.787072050783715e-05
4475.350298705503, 0.00010907482364836294
14491.976295999028, 0.0003631905915317601
46927.58397583879, 0.0012133243608506647
151959.82196143866, 0.0008683409175909735
492072.7967252951, 0.0008811139323787635
748651.2670032576, 0.0009872756123035953
1139015.8596767036, 0.0010234473092533651
1732925.8438153658, 0.0011184546374170949
2636514.6320399498, 0.0011984632535337705
4011256.1248762705, 0.0014209616963142822
6102820.5585599, 0.0017292163529928131
9284976.478815628, 0.0022190845315445797
14126384.248876369, 0.0030366722218076593
21492217.28263953, 0.0038296715596917077
32698771.00794074, 0.005469401876386431
49748688.62383056, 0.007611372285650321
75688839.16737504, 0.010801432728900828
115154801.72397052, 0.010555182449070962
175199256.66666663, 0.006081635698828446
145177029.195, 0.012834863069920155
95421820.445, 0.011827475561525259
62718763.894999996, 0.008796833343508968
