1382.0585879410396, 9.629948059912143e-06
4660.539148342294, 2.8568845911072693e-05
15716.13920187715, 8.119651205849257e-05
52997.52315150782, 0.0002463822211128522
178716.7588754323, 0.0006398137491005629
602663.6341406212, 0.0017337437488797157
930281.0341337211, 0.0024260086150799335
1435996.3891018091, 0.003350997226061361
2216626.5395635534, 0.004457125160049737
3421619.4784241486, 0.005366157886860558
5281665.470556312, 0.006590954108682981
8152861.625546546, 0.007996049460173417
12584885.024592128, 0.009661700116455082
19426225.827987835, 0.011550145541370302
29986626.74967206, 0.013850752789892253
46287827.17683905, 0.01700730926768182
71450615.7241028, 0.02137909550685333
110292290.62425897, 0.027475290972428502
170248908.95436403, 0.03227616726526424
262798885.00000003, 0.021426586283564218
216523896.975, 0.032622498717290914
140270599.785, 0.03016833089947507
90871453.17, 0.024976911236531556
