138.20585879410396, 1.1555937671894572e-05
1382.0585879410396, 9.016841366764404e-05
4252.478822768711, 0.0002583233567071433
13084.52210049711, 0.000810279879674441
40259.981468156824, 0.00257329867065629
123876.59979990765, 0.006900676330512144
381157.94936775515, 0.01526313295566573
569419.0854473988, 0.018322269870856944
850665.9651453714, 0.022671232995437718
1270826.0097888012, 0.027836597345205976
1898511.0646571326, 0.03389626360753429
2836221.665957691, 0.041051024087196485
4237085.307638478, 0.049397300070722336
6329862.055455318, 0.05931842336729458
9456300.907810677, 0.06932945411011085
14126947.171304315, 0.08113572228182282
21104514.15690278, 0.0994935589679689
31528433.737165786, 0.10990732426885584
47100924.78455499, 0.14653882332820248
70364964.33836919, 0.17421594407388405
105119554.00000003, 0.25836967675731143
87742259.17, 0.20045536172396097
58732944.56, 0.15510838891739356
39314679.26, 0.12119596587993843
