1382.0585879410396, 0.0006194594013670294
4386.4382190872375, 0.0013457615726625506
13921.870185354324, 0.003260772874685606
44185.84276748081, 0.007258692556190043
140238.96754377373, 0.011938515861461498
445096.5917123528, 0.016813518203005615
672344.675286825, 0.016669450608153055
1015616.3197014219, 0.01825459889977314
1534148.401493369, 0.020054991165541415
2317421.7193522356, 0.02184028486250604
3500602.3016402987, 0.024417476357922168
5287866.412883473, 0.027360739885201796
7987634.352922359, 0.03009459469429454
12065793.190337803, 0.034188197221636255
18226092.84296281, 0.03758531469192173
27531589.103177723, 0.04287606790861994
41588090.49625123, 0.05429218035517242
62821265.588507324, 0.0747389156670455
94895229.93361561, 0.12620216640470122
143344846.36363634, 0.16114262503748722
119120038.14500001, 0.16679826268794803
78858247.76, 0.10169087523976995
52204678.045, 0.06106276394947096
