138.20585879410396, 0.0001059974778889652
286.51702590001224, 0.00018938740887797375
593.9835463334969, 0.00031257035939570685
1231.397862680739, 0.0004870778269249068
2552.832827735151, 0.0009018895658800788
5292.323175041821, 0.0014548745566501243
10971.60937637024, 0.0025799812108176293
22745.43869039219, 0.004619025889844868
47153.97381286889, 0.00734378729683209
97755.74244184386, 0.009939953836666826
202659.16968694833, 0.013432132105768097
420136.3319667562, 0.01677456855632058
870992.1081347873, 0.017718820868734775
1805669.2428426028, 0.020819105225290877
3743365.047853247, 0.025060356502669866
7760436.711780876, 0.03004521212423411
16088299.481263284, 0.035938947793931274
33352940.022806913, 0.04029627646465699
69144573.63629358, 0.04614123358388582
143344846.36363634, 0.023962897359137546
