1382.0585879410396, 0.00015708567309194126
3620.3049914971934, 0.0005652059043596988
9483.395527381677, 0.0010528773680777263
24841.77187833279, 0.0007277817329306023
65073.066737891095, 0.0017410108295774667
170459.0169901447, 0.0012357032378859107
240427.31303095596, 0.0021802786686443303
339115.4887079249, 0.0018409413137418509
478312.19020780677, 0.0018659293447456289
674644.9481652447, 0.002168257457041876
951566.3940890629, 0.0026744590352895227
1342155.7588509202, 0.0035835181906370625
1893070.301984712, 0.004212047770607644
2670118.6837842693, 0.005855439892545332
3766122.0389011204, 0.008735779555121398
5312001.784053542, 0.011172207297962838
7492418.637082014, 0.01727483023654951
10567830.98262754, 0.025240653682561003
14905607.53301382, 0.037459891052906494
21023910.80000001, 0.05820461159614954
17964759.165, 0.062430042534139245
12736719.254999999, 0.03591149914185508
9030124.81, 0.028542646071188716
