138.20585879410396, 0.0022274917613358423
1382.0585879410396, 0.0029972203830737638
4252.478822768711, 0.003923455494200593
13084.52210049711, 0.010212317146988953
40259.981468156824, 0.023835655513718655
123876.59979990765, 0.012823573538825708
381157.94936775515, 0.01364541480620963
569419.0854473988, 0.009017374636913466
850665.9651453714, 0.010010394696625973
1270826.0097888012, 0.009504240630057774
1898511.0646571326, 0.01054057933231327
2836221.665957691, 0.01043953561976837
4237085.307638478, 0.011429611862518382
6329862.055455318, 0.012816689091918045
9456300.907810677, 0.015516087259400745
14126947.171304315, 0.0171870744472603
21104514.15690278, 0.02356144525435334
31528433.737165786, 0.03223147177707089
47100924.78455499, 0.05185066065135921
70364964.33836919, 0.07116064486659869
105119554.00000003, 0.11140023700555701
87742259.17, 0.08737125455753197
58732944.56, 0.0592799138498571
39314679.26, 0.03956482812521115
