1382.0585879410396, 0.00044384032550621164
4475.350298705503, 0.0010300476300556022
14491.976295999028, 0.0023222432464564302
46927.58397583879, 0.005263832155339584
151959.82196143866, 0.008560409192675849
492072.7967252951, 0.012276238555979523
748651.2670032576, 0.012323085015988002
1139015.8596767036, 0.013192209837221856
1732925.8438153658, 0.014568012271053882
2636514.6320399498, 0.01593419756065732
4011256.1248762705, 0.017827162803849807
6102820.5585599, 0.020026096328856116
9284976.478815628, 0.022258063492256862
14126384.248876369, 0.02499126098572902
21492217.28263953, 0.02808145820559664
32698771.00794074, 0.0327068233219482
49748688.62383056, 0.04100737219676578
75688839.16737504, 0.06457293797801655
115154801.72397052, 0.10068734723160702
175199256.66666663, 0.14837895240228943
145177029.195, 0.16079696257159112
95421820.445, 0.0847687677735226
62718763.894999996, 0.04836467733469718
