1382.0585879410396, 7.328390473593142e-05
4313.769645987705, 0.0002022449591715882
13464.413680441421, 0.0006556710635725516
42025.989015588435, 0.0020495097457642352
131174.20443668787, 0.005679406317554086
409429.31535092776, 0.013087182749509584
614788.2250804757, 0.015627856031939457
923149.7294560911, 0.019475498449909312
1386177.2041637574, 0.024020138984238933
2081447.006950186, 0.029319997909659272
3125445.743681465, 0.035786557208825044
4693086.619106208, 0.043117183974481825
7047014.672694461, 0.05139232240309717
10581610.74526018, 0.05975864268578482
15889066.670751413, 0.07161458333333333
23858602.035674796, 0.08334101622626988
35825445.43944487, 0.10498011800923553
53794540.81238842, 0.11836427105475332
80776458.90285307, 0.16089581195484864
121291793.0769231, 0.22835428424833248
101034125.99000001, 0.18107576534975198
67285499.855, 0.14512570548999487
44809993.125, 0.11518527129297075
