1382.0585879410396, 0.00012711390593638186
3810.0443765533146, 0.00039971693206526426
10503.48970583932, 0.001475787405941872
28955.908408729414, 0.0022342691919589167
79825.33950679294, 0.0017246818898648628
220061.64467123916, 0.0023862139863655638
316104.98685935163, 0.0017086478890713961
454065.3273160334, 0.0016514814484123134
652236.8518101001, 0.0018953809417207672
936898.030452476, 0.0023085963734049697
1345796.265619924, 0.002593733354947778
1933153.3738861931, 0.003917618088202373
2776855.6522529298, 0.004925005596597267
3988781.9650584, 0.00693978061338706
5729639.404146439, 0.008123676189492174
8230273.800154157, 0.011846130885754797
11822280.958289204, 0.01879523916125662
16981977.81149269, 0.029018356839041862
24393564.27135381, 0.03772106559211998
35039851.33333333, 0.05577009178419521
29716707.799999997, 0.06125475710767853
20687771.04, 0.03811282740094023
14402129.385, 0.023203492276695763
