1382.0585879410396, 0.00011984470360560665
3620.3049914971934, 0.00034605218353294287
9483.395527381677, 0.0009332703663129522
24841.77187833279, 0.0024149341748110342
65073.066737891095, 0.005384713555491626
170459.0169901447, 0.010063739466237542
240427.31303095596, 0.01302275539629537
339115.4887079249, 0.015762259589222134
478312.19020780677, 0.01958109996397498
674644.9481652447, 0.02390527582132251
951566.3940890629, 0.02875554021156512
1342155.7588509202, 0.035792442122611436
1893070.301984712, 0.042995153590470014
2670118.6837842693, 0.0537695613134941
3766122.0389011204, 0.06569511171230002
5312001.784053542, 0.0814780817085685
7492418.637082014, 0.09004083290576363
10567830.98262754, 0.12809052719343253
14905607.53301382, 0.13307037797160937
21023910.80000001, 0.1944266290405336
17964759.165, 0.20120093637762956
12736719.254999999, 0.14757567983581324
9030124.81, 0.12676773345305284
