1382.0585879410396, 0.00012958700105955107
3500.518325117385, 0.0003504017100733365
8866.214971926629, 0.0008983297047689044
22456.608029835104, 0.0023814059056491074
56878.75218483116, 0.004803878643681013
144064.1634660613, 0.009575746913260625
200770.9743341704, 0.012068597157451314
279798.8282810403, 0.014867113629700212
389933.7768672606, 0.018156346203181118
543420.2540306693, 0.020989156685125885
757322.3711555612, 0.026245479232627114
1055421.04770411, 0.03169341926009802
1470857.8940262555, 0.03936847956216863
2049819.7843652181, 0.04746451171540961
2856673.7585188327, 0.05607916647231681
3981123.1332891253, 0.07457349923037455
5548180.416173112, 0.09427270395074398
7732065.776366775, 0.10835684966649564
10775576.258440984, 0.15980150076962546
15017079.142857144, 0.16930156490507953
12896327.7, 0.17213955874807593
9253821.02, 0.13551821446895845
6640123.1, 0.10466505259107234
