1382.0585879410396, 8.145598026950165e-05
4313.769645987705, 0.00015983075083142242
13464.413680441421, 0.0006440848728737692
42025.989015588435, 0.002092645589399563
131174.20443668787, 0.0011495153089063992
409429.31535092776, 0.0018150544510517645
614788.2250804757, 0.001270689920528319
923149.7294560911, 0.0014204321518995326
1386177.2041637574, 0.0016799644970787338
2081447.006950186, 0.00171628982911723
3125445.743681465, 0.001994627266621894
4693086.619106208, 0.0025946634085030514
7047014.672694461, 0.0031615686753363056
10581610.74526018, 0.00393425662062331
15889066.670751413, 0.00566655473472129
23858602.035674796, 0.0075798914260129845
35825445.43944487, 0.011831206626371165
53794540.81238842, 0.014279318174549869
80776458.90285307, 0.019825945824938438
121291793.0769231, 0.02395343631072308
101034125.99000001, 0.02201328259085143
67285499.855, 0.01816655473472129
44809993.125, 0.01355775688381464
