2518.2731026660713, 0.00017820099584222476
6117.430022686743, 0.0003962088947222743
14860.56061308434, 0.0005326188428269697
36099.51579604073, 0.0005431596115441507
87693.53153212687, 0.0006705888304562879
213026.55459493847, 0.0011387624374975503
292482.7364841873, 0.0013713785235208702
401575.05858338333, 0.0016882630790966407
551357.4223720582, 0.001993091587477409
757006.6932870493, 0.0030086365567039506
1039360.5135775068, 0.002739235766986015
1427028.6996980004, 0.003549782724708393
1959292.163940672, 0.0043685775389911835
2690083.096781253, 0.006565906838453913
3693449.706364137, 0.011248761149653121
5071059.235963291, 0.014441455472178956
6962499.511050141, 0.015559960356788903
9559422.831739996, 0.027006937561942515
13124965.3563292, 0.029794350842418237
18020409.666666657, 0.023662041625371655
15572687.515, 0.019202180376610506
11342194.094999999, 0.033779319458209445
8260961.17, 0.019326065411298315
