2518.2731026660713, 0.00027516937899397484
7665.644445156569, 0.0007054742484599397
23334.28598246509, 0.0018237422507118794
71029.76223421031, 0.004809285661874505
216215.1919642951, 0.006472727872496661
658160.8577262165, 0.007156931233286477
979470.3200531035, 0.008719543358715868
1457640.782800862, 0.010435202109284863
2169250.673740798, 0.012566087258695824
3228263.465902062, 0.015294096709460006
4804278.791489855, 0.018539830287208594
7149693.620161127, 0.022084150442154258
10640123.331876934, 0.025955157320019257
15834556.07080972, 0.02948778028531434
23564874.02814599, 0.034023555782398844
35069078.3801679, 0.04259608634494214
52189553.69612555, 0.05553656099217012
77668123.623719, 0.07961485751122864
115585150.6673665, 0.12635517186213774
172013001.36363655, 0.21720249826404947
143799076.01500002, 0.1561981949244975
96626637.14500001, 0.10527530634375402
64928838.660000004, 0.06401069122770557
