251.82731026660713, 2.4497863798494605e-05
510.71614503326106, 0.0001055920910166689
1035.7533522535573, 0.00021221722215644144
2100.5504077702785, 0.00024326904582974782
4260.002640574346, 0.00043542513829666326
8639.4606054534, 0.0007856282651434127
17521.181522816616, 0.0013949066593910966
35533.67692442641, 0.0030116050761314224
72063.75860699019, 0.004864831597342156
146148.26705413862, 0.005998806532745635
296394.697914854, 0.006665841232067498
601100.6406219979, 0.007005781343206642
1219056.8275953915, 0.009625966213669741
2472297.3966042963, 0.013411182498637096
5013920.827065049, 0.018839381949505175
10168437.702764105, 0.025038670745887295
20622009.97607677, 0.03171682471264689
41822284.59125129, 0.040239073434677676
84817313.65956661, 0.06998746658801598
172013001.36363655, 0.24293788533462093
