2518.2731026660713, 2.8795426134512793e-06
8144.657293579519, 8.998570667035248e-06
26341.639578181326, 2.9995235556784165e-05
85194.7418602621, 0.00011422185700023407
275538.8106763327, 0.0007185658629983214
891154.0140993213, 0.0021128643926198757
1355231.46941496, 0.002636581205441328
2060981.9477151926, 0.0031255035450169096
3134259.1171097704, 0.003306314824953204
4766456.214755375, 0.00398981059521975
7248636.4395201495, 0.0052009844019533825
11023437.091414878, 0.006640081936091857
16764003.315970626, 0.008324232778865405
25494027.39339289, 0.010245094108100788
38770299.70018445, 0.012152267006635938
58960324.92817042, 0.014433439028908287
89664509.75407074, 0.01756507905375219
136358209.0029592, 0.020103346784396767
207368123.83731967, 0.021095529186144074
315357169.1666671, 0.031583363298573655
261362646.505, 0.02658516121299293
171863166.42000002, 0.020404023640269598
113011359.375, 0.01956730192976148
