2518.2731026660713, 0.0005517186875480931
6658.3510475164985, 0.001425713206320157
17604.777903170416, 0.0024052822806502946
46547.291184888425, 0.0033224668972110785
123071.72112978483, 0.004859422285808124
325403.4371556494, 0.009132900910276477
460501.0852765768, 0.010959702467703584
651687.1837449903, 0.013364760079357833
922247.9577923345, 0.01672203891747961
1305137.3678463413, 0.020269560977119048
1846990.8602740788, 0.024327268953165997
2613805.5058259703, 0.030517050568607523
3698978.359466459, 0.036339121029389854
5234682.103662295, 0.044284295319016044
7407963.514107922, 0.06502339773281642
10483525.520673057, 0.07215074567414033
14835967.689810919, 0.10082643933143354
20995411.97844887, 0.130345013522491
29712070.918537594, 0.16587533945346494
42047622.55555552, 0.22928798821704943
35879846.74, 0.2258566653832316
25353741.450000003, 0.1673704098233247
17915689.835, 0.11145326768448048
