2518.2731026660713, 0.003626558528890106
6658.3510475164985, 0.007928774219038036
17604.777903170416, 0.009131932221224928
46547.291184888425, 0.008529907834156539
123071.72112978483, 0.008052037728535088
325403.4371556494, 0.008360370112458219
460501.0852765768, 0.009441243616603515
651687.1837449903, 0.009521282214002946
922247.9577923345, 0.011544856033190972
1305137.3678463413, 0.014088186300197042
1846990.8602740788, 0.013807620540522285
2613805.5058259703, 0.01916768631471405
3698978.359466459, 0.01981351606484174
5234682.103662295, 0.027659558493294382
7407963.514107922, 0.03824943619206866
10483525.520673057, 0.04711051001532128
14835967.689810919, 0.05222746079910472
20995411.97844887, 0.0640449385348208
29712070.918537594, 0.06275177510926541
42047622.55555552, 0.0
35879846.74, 0.0
25353741.450000003, 0.0951877068397133
17915689.835, 0.0601253320614613
