2518.2731026660713, 1.959342890958352e-05
7821.025270142831, 6.126046760338137e-05
24289.834256441172, 0.00019791843379553982
75437.17451696836, 0.00043266755357934737
234285.96667325764, 0.0007072235764009796
727624.2055921144, 0.0009734709932925989
1090633.6036453643, 0.0010482249351214785
1634747.2338863628, 0.0012036386559096382
2450317.4207789125, 0.0015166238230921707
3672772.9756109645, 0.0018679540386521308
5505107.712163369, 0.002498105287704775
8251588.411200171, 0.0031716761535560485
12368279.58105395, 0.0042556183537353015
18538774.860301882, 0.0054610545903197765
27787710.57596637, 0.005915510406342914
41650910.85426233, 0.004365472650903772
62430417.585036084, 0.003583136387893573
93576754.02297081, 0.005977452923686818
140261898.48158967, 0.0
210238112.77777803, 0.0
175250005.63, 0.0
116919326.25, 0.0
78003585.805, 0.0037165510406342917
