2518.2731026660713, 0.00037836891356861596
7538.650420415959, 0.0009494763861291823
22567.54841286715, 0.0026808176426938914
67557.74747000437, 0.0057529690802025045
202239.4794384766, 0.007116081902076349
605419.9344302586, 0.008844740339595016
895622.2034889561, 0.010780461626331382
1324930.1613057733, 0.012890054750182322
1960022.7925338482, 0.015403755511153389
2899541.0169137022, 0.01851041509302607
4289408.337898077, 0.022345099645125217
6345495.298015697, 0.026420248765377158
9387147.92466468, 0.030703991861417358
13886787.716491101, 0.03629425170552545
20543286.9099883, 0.04127280214194462
30390515.48004326, 0.04879967075022137
44957919.10951192, 0.06246826734606594
66508068.67638364, 0.0939180979249207
98388076.82108007, 0.12877812956163748
145549462.69230792, 0.23184849842978492
121968769.755, 0.1661022113142701
82448072.75, 0.10841280763450686
55732993.894999996, 0.0736184698412274
