2518.2731026660713, 0.0007214278163069536
6326.766606920972, 0.0014250379710854311
15895.00982084631, 0.0019164708196684043
39933.72174159553, 0.0025172746545149894
100327.2190523423, 0.004392387626676598
252056.41858049645, 0.008360639376455769
350254.0079513176, 0.01055546627881132
486707.97901852924, 0.012886485778920745
676322.4730128588, 0.016566801931247235
939808.0722338355, 0.019468423433504977
1305943.9067598209, 0.0247284048682662
1814721.0457017242, 0.03001948809026553
2521710.5089019835, 0.03629237965821183
3504132.993755944, 0.04783432304311323
4869293.281121149, 0.05707186586594229
6766300.565595175, 0.08287745126653569
9402354.859478101, 0.10617219270425357
13065378.347669555, 0.12273485166181156
18155463.595981322, 0.2022736734793276
25228573.533333328, 0.21699717280490155
21692018.565, 0.20774961408157955
15610420.975000001, 0.15532840916180282
11233866.605, 0.12298843671391835
