2518.2731026660713, 3.8194785469314706e-05
7538.650420415959, 0.00010925196752748784
22567.54841286715, 0.00046552995016820584
67557.74747000437, 0.000806058784255018
202239.4794384766, 0.0009583418899573508
605419.9344302586, 0.001178890624583613
895622.2034889561, 0.001473456162093342
1324930.1613057733, 0.0017194268437990669
1960022.7925338482, 0.002159506351549745
2899541.0169137022, 0.0026918229759326554
4289408.337898077, 0.0034045859987386256
6345495.298015697, 0.004451490638309271
9387147.92466468, 0.005991080277502479
13886787.716491101, 0.007770970357689879
20543286.9099883, 0.010248671051446076
30390515.48004326, 0.010422860918401056
44957919.10951192, 0.007111000991080279
66508068.67638364, 0.0034894284770399728
98388076.82108007, 0.0
145549462.69230792, 0.0
121968769.755, 0.0
82448072.75, 0.0
55732993.894999996, 0.004305004955401388
