2518.2731026660713, 8.903849339924663e-05
6658.3510475164985, 0.000351689648022651
17604.777903170416, 0.0006013198530542435
46547.291184888425, 0.0007025112327391812
123071.72112978483, 0.0007954128984968616
325403.4371556494, 0.0011747718806602648
460501.0852765768, 0.0015011240300708262
651687.1837449903, 0.0016967977854482074
922247.9577923345, 0.002331953594123477
1305137.3678463413, 0.0030437864772602137
1846990.8602740788, 0.0033473250548980743
2613805.5058259703, 0.004549333773813457
3698978.359466459, 0.005812685827552033
5234682.103662295, 0.009153727563043721
7407963.514107922, 0.012966633630657417
10483525.520673057, 0.020165730646404586
14835967.689810919, 0.018396927651139743
20995411.97844887, 0.017653617443012883
29712070.918537594, 0.01226461843409316
42047622.55555552, 0.0
35879846.74, 0.0
25353741.450000003, 0.029856293359762132
17915689.835, 0.020094152626362737
