2518.2731026660713, 7.474812700750614e-05
6658.3510475164985, 0.00037985966309111454
17604.777903170416, 0.0010630311481324307
46547.291184888425, 0.001974046442463079
123071.72112978483, 0.00305785913340525
325403.4371556494, 0.006751478629617231
460501.0852765768, 0.008598416081248193
651687.1837449903, 0.011152029163411823
922247.9577923345, 0.014700594369355079
1305137.3678463413, 0.019166100656571712
1846990.8602740788, 0.02342694239388192
2613805.5058259703, 0.0301017486382463
3698978.359466459, 0.03779935275080906
5234682.103662295, 0.04450837029046307
7407963.514107922, 0.0651444324583483
10483525.520673057, 0.06919972831515443
14835967.689810919, 0.0927124535538775
20995411.97844887, 0.10418914059690759
29712070.918537594, 0.12054017339885732
42047622.55555552, 0.150365575931919
35879846.74, 0.14281433537096969
25353741.450000003, 0.12833113588237643
17915689.835, 0.09516960326021814
