251.82731026660713, 0.0
510.71614503326106, 6.840892053883059e-05
1035.7533522535573, 0.0001653417485336235
2100.5504077702785, 0.00018347491020648967
4260.002640574346, 0.000359860190319956
8639.4606054534, 0.0006927946668269243
17521.181522816616, 0.0012570199988048807
35533.67692442641, 0.0028021331569975812
72063.75860699019, 0.004607949804073769
146148.26705413862, 0.0057487320739468325
296394.697914854, 0.006520854495546053
601100.6406219979, 0.007003281217448226
1219056.8275953915, 0.009634404756913871
2472297.3966042963, 0.013428440083636374
5013920.827065049, 0.01887123780032122
10168437.702764105, 0.025053627694673897
20622009.97607677, 0.031841898932018164
41822284.59125129, 0.03786423760962335
84817313.65956661, 0.04477813654957627
172013001.36363655, 0.045282465446952094
