2518.2731026660713, 0.000139758192285447
6326.766606920972, 0.00045250900057639405
15895.00982084631, 0.0006061562057597735
39933.72174159553, 0.0006018158892291696
100327.2190523423, 0.0007304151115794284
252056.41858049645, 0.0010686531496901714
350254.0079513176, 0.0014480068989484254
486707.97901852924, 0.0015982285556121038
676322.4730128588, 0.002063705134799463
939808.0722338355, 0.0031536348303861732
1305943.9067598209, 0.003000435108414514
1814721.0457017242, 0.004079662349202009
2521710.5089019835, 0.005740006607201851
3504132.993755944, 0.00689626693095474
4869293.281121149, 0.009674294981529868
6766300.565595175, 0.016618292510264757
9402354.859478101, 0.02029236868186323
13065378.347669555, 0.021525024777006938
18155463.595981322, 0.028741328047571853
25228573.533333328, 0.011335480673934589
21692018.565, 0.014122893954410307
15610420.975000001, 0.03171456888007928
11233866.605, 0.021277254707631317
