2518.2731026660713, 0.0011581187464654577
7665.644445156569, 0.0026383120922972374
23334.28598246509, 0.005907894797644326
71029.76223421031, 0.007002777105067675
216215.1919642951, 0.007906528130878901
658160.8577262165, 0.005949165135352043
979470.3200531035, 0.0062811726895749586
1457640.782800862, 0.006178920335996352
2169250.673740798, 0.006939478021259575
3228263.465902062, 0.007703042528107344
4804278.791489855, 0.00952179292966098
7149693.620161127, 0.011430774525725388
10640123.331876934, 0.013622464863202724
15834556.07080972, 0.01540106834355675
23564874.02814599, 0.019889241501636012
35069078.3801679, 0.018496466911513715
52189553.69612555, 0.021245655850635144
77668123.623719, 0.026050940408653335
115585150.6673665, 0.0
172013001.36363655, 0.0
143799076.01500002, 0.0
96626637.14500001, 0.013509604810590024
64928838.660000004, 0.020609810321086518
