2518.2731026660713, 0.00013665829319670862
6326.766606920972, 0.0004884424158066732
15895.00982084631, 0.0009020167236636133
39933.72174159553, 0.0013862598064923368
100327.2190523423, 0.0026690228925524456
252056.41858049645, 0.00569451585693306
350254.0079513176, 0.007139510375756331
486707.97901852924, 0.009413944689025596
676322.4730128588, 0.01225919705293758
939808.0722338355, 0.015447344238577982
1305943.9067598209, 0.019905689887535338
1814721.0457017242, 0.024703757434479456
2521710.5089019835, 0.030478930155305558
3504132.993755944, 0.03980182987734228
4869293.281121149, 0.046713085548037006
6766300.565595175, 0.06318384959161658
9402354.859478101, 0.07556034999400695
13065378.347669555, 0.08525110871389188
18155463.595981322, 0.10308042670502217
25228573.533333328, 0.12585400934915497
21692018.565, 0.11093131966918375
15610420.975000001, 0.09916496863638179
11233866.605, 0.08219465420112669
