2518.2731026660713, 3.0955083094601245e-05
7538.650420415959, 0.00010090397241302192
22567.54841286715, 0.0006312197370569658
67557.74747000437, 0.002635981300730192
202239.4794384766, 0.0047291688188248185
605419.9344302586, 0.007283279948396864
895622.2034889561, 0.009616169721301656
1324930.1613057733, 0.012534224344703963
1960022.7925338482, 0.016185208560559376
2899541.0169137022, 0.020914257979262572
4289408.337898077, 0.02678347662166432
6345495.298015697, 0.03395790612619092
9387147.92466468, 0.04247632746014623
13886787.716491101, 0.05333086347110079
20543286.9099883, 0.06491015876129144
30390515.48004326, 0.07553637780174996
44957919.10951192, 0.0870310439889728
66508068.67638364, 0.11163050861001238
98388076.82108007, 0.12528466978305167
145549462.69230792, 0.15647848495744937
121968769.755, 0.13400455471652883
82448072.75, 0.11489871748771426
55732993.894999996, 0.09334172360062327
