2518.2731026660713, 0.004465641211159511
6326.766606920972, 0.009542682456279735
15895.00982084631, 0.010041607689673469
39933.72174159553, 0.008069338283043681
100327.2190523423, 0.007589842615327911
252056.41858049645, 0.008340574485531329
350254.0079513176, 0.00993581879743065
486707.97901852924, 0.00967624726217921
676322.4730128588, 0.011457670672119401
939808.0722338355, 0.015283723499970878
1305943.9067598209, 0.014170864046535395
1814721.0457017242, 0.01892755159009076
2521710.5089019835, 0.02151449235623564
3504132.993755944, 0.025517701660930727
4869293.281121149, 0.02803371860042129
6766300.565595175, 0.047055014375405914
9402354.859478101, 0.06618227039777207
13065378.347669555, 0.07012795093684807
18155463.595981322, 0.11638127033955156
25228573.533333328, 0.07442611917101516
21692018.565, 0.08283713444800969
15610420.975000001, 0.09780444305233345
11233866.605, 0.06976096407744384
