251.82731026660713, 5.580406967919356e-06
502.4469202928244, 1.599716664136882e-05
1002.4842319305021, 2.182559169675126e-05
2000.1608024258437, 4.0178930169019364e-05
105924720.61500001, 0.0
71969545.54, 0.0014866204162537165
48899024.28, 0.005256265043182782
251.82731026660713, 5.580406967919356e-06
502.4469202928244, 1.599716664136882e-05
1002.4842319305021, 2.182559169675126e-05
2000.1608024258437, 4.0178930169019364e-05
3990.72933831256, 7.514948050131401e-05
7962.320145636934, 0.00014013021941664162
15886.45501286316, 0.0003482173947981678
31696.722595865533, 0.0008861686265055939
63241.435707699915, 0.000823172032289971
126179.58144646851, 0.0010754064272399256
251754.03745724095, 0.001105044588691764
502300.72607199854, 0.001251024971800936
1002192.5445994475, 0.0016798416374644116
1999578.8266225734, 0.0023426725607102214
3989568.1777151385, 0.0035320414145035106
7960003.393075325, 0.006426206692954893
15881832.618300708, 0.00977614512862498
31687499.974578653, 0.012850256779890079
63223034.694490716, 0.002180376610505451
126142867.66666688, 0.0
