2518.2731026660713, 0.0007090033160171509
6117.430022686743, 0.0011787152115873246
14860.56061308434, 0.0015739485969771749
36099.51579604073, 0.0021311940903112345
87693.53153212687, 0.004195738166334381
213026.55459493847, 0.008132697398669815
292482.7364841873, 0.01017554393381656
401575.05858338333, 0.012539705364753418
551357.4223720582, 0.016103711267974448
757006.6932870493, 0.019499078068615797
1039360.5135775068, 0.023778476886271275
1427028.6996980004, 0.02869549573271912
1959292.163940672, 0.0364264154167419
2690083.096781253, 0.044693305132617
3693449.706364137, 0.058099203174516105
5071059.235963291, 0.07566046560325444
6962499.511050141, 0.09605007408218777
9559422.831739996, 0.1463815944778299
13124965.3563292, 0.19225629068161518
18020409.666666657, 0.20608357390217633
15572687.515, 0.19518916847914178
11342194.094999999, 0.14613131747115735
8260961.17, 0.1135916297193177
