251.82731026660713, 2.999523555678416e-06
502.4469202928244, 9.23853255148952e-06
1002.4842319305021, 1.3437865529439304e-05
2000.1608024258437, 3.167496874796407e-05
105924720.61500001, 0.1567381837069
71969545.54, 0.1252786767349874
48899024.28, 0.11453571000496564
251.82731026660713, 2.999523555678416e-06
502.4469202928244, 9.23853255148952e-06
1002.4842319305021, 1.3437865529439304e-05
2000.1608024258437, 3.167496874796407e-05
3990.72933831256, 6.658942293606084e-05
7962.320145636934, 0.000143137264076974
15886.45501286316, 0.0004985208149537528
31696.722595865533, 0.001486803836078677
63241.435707699915, 0.003067912692747884
126179.58144646851, 0.0044398947671151915
251754.03745724095, 0.005734849076572677
502300.72607199854, 0.00780417424950404
1002192.5445994475, 0.012723384110506084
1999578.8266225734, 0.01998443710058237
3989568.1777151385, 0.03137041882480152
7960003.393075325, 0.04763580629448563
15881832.618300708, 0.06920667677667817
31687499.974578653, 0.09934294400313817
63223034.694490716, 0.13419633225458466
126142867.66666688, 0.18536497662711254
