2518.2731026660713, 2.7654016752133704e-05
7665.644445156569, 8.457416782491115e-05
23334.28598246509, 0.00032490369457663804
71029.76223421031, 0.0006586120312582156
216215.1919642951, 0.001006705417012652
658160.8577262165, 0.001071469626030304
979470.3200531035, 0.00130454987538283
1457640.782800862, 0.0014665464522996732
2169250.673740798, 0.001808294316667236
3228263.465902062, 0.0022350392856048144
4804278.791489855, 0.0031104673324693142
7149693.620161127, 0.004045487167219164
10640123.331876934, 0.00532492054270189
15834556.07080972, 0.006581789535208763
23564874.02814599, 0.008371769459480063
35069078.3801679, 0.0065440447735090074
52189553.69612555, 0.005270745112172267
77668123.623719, 0.00492000566331587
115585150.6673665, 0.0
172013001.36363655, 0.0
143799076.01500002, 0.0
96626637.14500001, 0.0009167492566897919
64928838.660000004, 0.003964321110009912
