2518.2731026660713, 8.483967721863244e-05
8144.657293579519, 0.00014634586591821865
26341.639578181326, 0.000325930079067729
85194.7418602621, 0.0007719233490213791
275538.8106763327, 0.002026206195999941
891154.0140993213, 0.003177932750290446
1355231.46941496, 0.003358162562124214
2060981.9477151926, 0.0033865461862482857
3134259.1171097704, 0.0031308027538127312
4766456.214755375, 0.0034296586973347728
7248636.4395201495, 0.004167737638173205
11023437.091414878, 0.004969985248134935
16764003.315970626, 0.005831866808099422
25494027.39339289, 0.006898717914506724
38770299.70018445, 0.008478920092599389
58960324.92817042, 0.011533946889358998
89664509.75407074, 0.016834442028596366
136358209.0029592, 0.02693113531415976
207368123.83731967, 0.04357667192094739
315357169.1666671, 0.12163129865308986
261362646.505, 0.06789890607276204
171863166.42000002, 0.03395903560627212
113011359.375, 0.02181073284351966
