54.88388945684072, 4.634131924980734e-05
112.11365772923777, 6.220242983662628e-05
229.019341993118, 5.440422013861389e-05
467.82756061380786, 4.921220062688239e-05
955.6512762858391, 6.696687127092106e-05
1952.1495498651416, 0.00011076308291693848
3987.739000202856, 0.00020747717186095637
8145.924237637139, 0.00046913459439139327
16640.026260983617, 0.0011914768540686408
33991.290108848516, 0.0027909242765943947
69435.45551806163, 0.0019766730911290843
141838.76126977726, 0.0016668215110132814
289740.07657099166, 0.0019161275404038934
591864.39038122, 0.0020967601421378783
1209026.5894421518, 0.002730041988152999
2469730.0897535123, 0.004211774953999797
5045022.805535029, 0.008140946104455246
10305682.881690426, 0.01802604165153236
21051857.197046652, 0.04068439002230675
43003524.99999996, 0.05759073558028056
