548.8388945684072, 0.001104955194997465
1665.695957500003, 0.0020383285143028944
5055.295917053549, 0.003666471425396235
15342.545975397918, 0.00733421418549026
46563.7859522963, 0.014210247500715523
141318.53772431254, 0.020737849484905577
210085.39781770462, 0.024381937289550137
312314.8249830068, 0.02801564045605688
175701.97, 0.022622351640256305
464290.00262457127, 0.03127637280944992
690217.6563307677, 0.034582578943806334
93941.16500000001, 0.01820586317667368
1026083.7201268772, 0.037948454790589684
1525385.2042939647, 0.041529840848469016
2267651.2411591783, 0.04553390934875965
3371110.547719582, 0.04964062508409422
5011522.98848961, 0.053210459435936545
7450174.744684446, 0.0591809344925912
11075496.182261806, 0.0673986744822402
16464931.345511904, 0.09377400032216658
24476913.697699316, 0.12947347875817938
36387598.07692306, 0.16558738513411403
