54.88388945684072, 0.00257835788712472
99.56123586163932, 0.002503641014604764
180.6074566579663, 0.0025091932659854583
327.62804838813, 0.0026875207945925837
594.3283853107744, 0.003397475250349704
1078.1318367701451, 0.0056123980316592145
1955.767697094872, 0.010423840318301247
3547.828896750467, 0.01849819836658792
6435.8818786682505, 0.017974557851306472
11674.907883553364, 0.024901073877607843
21178.67864250808, 0.03128569646807462
38418.840946444594, 0.02794641512693908
69693.0797517126, 0.011737884451838345
126425.60904034917, 0.014516218489548764
229340.34021979754, 0.016770183548139958
416031.15105695056, 0.022543708498850765
754694.610132222, 0.02828505211864023
1369041.60449432, 0.058759817832657844
2483487.8766498817, 0.12338375671069066
4505131.1904761875, 0.18749671683435773
