54.88388945684072, 1.9371601440460716e-05
112.11365772923777, 3.641571942426906e-05
229.019341993118, 4.984091385539433e-05
467.82756061380786, 8.844437135279005e-05
955.6512762858391, 0.0001524236629759236
1952.1495498651416, 0.0002866177816112346
3987.739000202856, 0.0005452575736793559
8145.924237637139, 0.0010356289432774065
16640.026260983617, 0.0020287608335440117
33991.290108848516, 0.004117135120177561
69435.45551806163, 0.007566248756651592
141838.76126977726, 0.014388006391973115
289740.07657099166, 0.022363250483810177
591864.39038122, 0.032762618460425025
1209026.5894421518, 0.04562529443691124
2469730.0897535123, 0.059749608462348204
5045022.805535029, 0.07734184446327248
10305682.881690426, 0.08604521297080799
21051857.197046652, 0.093550219517831
43003524.99999996, 0.1482178618193021
