548.8388945684072, 6.89825964931227e-05
1642.0294465719837, 0.00013643812842397145
4912.663315397437, 0.00038471846538888833
14697.824634531458, 0.0016862050505237454
43973.306355101435, 0.0041969842429537725
131560.3988944478, 0.0031111629257922256
194581.85796507605, 0.002537498297634082
287792.5254659503, 0.0026409162551849674
425653.9565417006, 0.0026978649621694187
629555.2340223654, 0.003006597102156771
931131.4662856325, 0.0037482909448726125
1377171.9471979365, 0.004331329993503006
2036879.4749410357, 0.005610440513323468
3012607.1068159486, 0.007577820456375203
4455738.148326477, 0.011385837006730766
6590173.143233162, 0.017189175367073376
9747067.850947142, 0.0284540994017633
14416211.778672231, 0.04293201526893531
21322018.60350577, 0.061240160283139757
31535918.33333332, 0.06553031073503786
26428968.465, 0.07490050105431592
17869115.19, 0.05186013872220979
12081639.815, 0.03619446680285115
