54.88388945684072, 0.00016405167357935052
115.74795695164659, 0.00025215207909129613
244.10787338633799, 0.00024481913089694944
514.8138716097889, 0.00023459963550836652
1085.7221388447588, 0.00035295212523440175
2289.7451443793275, 0.0004841798193348894
4828.982148035911, 0.0006636266351272442
10184.1327814544, 0.001034750804656241
21477.934134107018, 0.001585186975098731
45296.11549341578, 0.00253758054350191
95527.72003033085, 0.0034787050876944714
201464.19168150873, 0.004871866963313519
424880.029765147, 0.005859910044031162
896055.2155026059, 0.005919357714204881
1889745.0879798555, 0.006768370719421767
3985397.8145095673, 0.00796589284524683
8405046.71287548, 0.009578170563720206
17725911.824516885, 0.013556027478020666
37383248.51059063, 0.03140064839216835
78839795.83333328, 0.08577775616475412
