54.88388945684072, 0.00037357473254455144
101.34007658211323, 0.0004975120922993576
187.11886535928727, 0.0006589765312096924
345.5046705532785, 0.0008723075160453656
637.9553293299443, 0.0012214311194919131
1177.949350348125, 0.0016617936624996508
2175.0185447043027, 0.002367030859823397
4016.0518518131016, 0.003596090158010239
7415.418372280658, 0.005065397660074259
13692.161273050358, 0.00664657878368608
25281.821053821543, 0.010203135483162795
46681.48899586098, 0.01608625009585725
86194.79626216594, 0.02313811320543539
159153.94008393888, 0.031220723752940105
293868.9775099592, 0.04205682326265533
542612.8683788963, 0.05545328701509902
1001904.7516521041, 0.07275529868935526
1849961.897111, 0.09772124300584249
3415852.6697464795, 0.17873466292882076
6307183.666666665, 0.24718594152206325
