548.8388945684072, 0.001431147371361033
1665.695957500003, 0.0020407752869827486
5055.295917053549, 0.004134276343138664
15342.545975397918, 0.012652617771781487
46563.7859522963, 0.026739458012595446
141318.53772431254, 0.011351667587233294
210085.39781770462, 0.009255909047868348
312314.8249830068, 0.0087063165843446
175701.97, 0.008929402304561022
464290.00262457127, 0.008730278388323227
690217.6563307677, 0.009109348549909654
93941.16500000001, 0.008915694812441739
1026083.7201268772, 0.009891784450962412
1525385.2042939647, 0.010560543189805259
2267651.2411591783, 0.012913541793524911
3371110.547719582, 0.01572122380891223
5011522.98848961, 0.019545886028570714
7450174.744684446, 0.03065677731082082
11075496.182261806, 0.043483215219788304
16464931.345511904, 0.07267482625126107
24476913.697699316, 0.10578502569945732
36387598.07692306, 0.12940416023736764
