54.88388945684072, 3.8929965907571015e-05
113.30403416398768, 4.94158092351856e-05
233.9084253117558, 4.6565288718940864e-05
482.8879380643902, 4.310394237778653e-05
996.8891048592731, 5.338617709709791e-05
2058.0093414025328, 8.879371408102364e-05
4248.619458929673, 0.00016581885060212257
8770.98414650259, 0.00035468619566416694
18107.096585576608, 0.0008852087854589736
37380.86186031192, 0.0019912718283444236
77170.23139605852, 0.001102683139987617
159312.6620775966, 0.0013945560799902479
328890.089340161, 0.0017132828656309124
678971.0840026829, 0.0017130110653495584
1401689.3419825074, 0.0022531671193747405
2893691.7310893773, 0.003247360820128959
5973828.567984884, 0.006710223884671507
12332560.29875633, 0.01519674647720488
25459726.83875746, 0.03386693244919959
52559863.888888836, 0.046871292096359735
