54.88388945684072, 0.0009490326854058391
115.74795695164659, 0.0011348290764550538
244.10787338633799, 0.001106331428073428
514.8138716097889, 0.0007984767886812619
1085.7221388447588, 0.0006491782470768543
2289.7451443793275, 0.0006640464830737009
4828.982148035911, 0.0007832795835375632
10184.1327814544, 0.001270439187352932
21477.934134107018, 0.002368058525041387
45296.11549341578, 0.00447740856093725
95527.72003033085, 0.003196220223938588
201464.19168150873, 0.005462250495348955
424880.029765147, 0.002675409391461061
896055.2155026059, 0.0022612131629961753
1889745.0879798555, 0.002424035205835617
3985397.8145095673, 0.0028310187421953154
8405046.71287548, 0.004895644340324967
17725911.824516885, 0.009987647394660388
37383248.51059063, 0.025216089065533975
78839795.83333328, 0.06993849079971777
