54.88388945684072, 4.168267474128985e-06
115.74795695164659, 7.893204766038473e-06
244.10787338633799, 1.0398984056844335e-05
514.8138716097889, 1.4085370898126038e-05
1085.7221388447588, 3.098010588575173e-05
2289.7451443793275, 5.8259368511236336e-05
4828.982148035911, 0.00010874118360831755
10184.1327814544, 0.00020807123845712768
21477.934134107018, 0.0004025052550046773
45296.11549341578, 0.0007808152834340925
95527.72003033085, 0.0014055735239205931
201464.19168150873, 0.0026365231441099883
424880.029765147, 0.004524343530158827
896055.2155026059, 0.007676931919210284
1889745.0879798555, 0.010133884934599578
3985397.8145095673, 0.013051480275826283
8405046.71287548, 0.01646453839187765
17725911.824516885, 0.021192376569359933
37383248.51059063, 0.0292813799776631
78839795.83333328, 0.023768261059334
