54.88388945684072, 0.0005332304152278616
112.11365772923777, 0.0008342326274846394
229.019341993118, 0.0006827771186098708
467.82756061380786, 0.0008594103169869796
955.6512762858391, 0.0011625223234193317
1952.1495498651416, 0.0017410506541464393
3987.739000202856, 0.0025066323892338526
8145.924237637139, 0.003922653786637368
16640.026260983617, 0.006107503272436549
33991.290108848516, 0.009711619695879095
69435.45551806163, 0.013062563252859321
141838.76126977726, 0.016957955308383506
289740.07657099166, 0.021574748496772413
591864.39038122, 0.02646638179052462
1209026.5894421518, 0.031805709145059445
2469730.0897535123, 0.03763239424026712
5045022.805535029, 0.04556289050954254
10305682.881690426, 0.0628350419129817
21051857.197046652, 0.09785571936515312
43003524.99999996, 0.16786534322453778
