54.88388945684072, 3.049822525290445e-05
101.34007658211323, 4.971080608452557e-05
187.11886535928727, 8.218956073843234e-05
345.5046705532785, 0.00014220779355956126
637.9553293299443, 0.00023304711165760228
1177.949350348125, 0.00038735974671428723
2175.0185447043027, 0.000679962485785485
4016.0518518131016, 0.0012556990094924315
7415.418372280658, 0.0022273197483087337
13692.161273050358, 0.0038153655614336607
25281.821053821543, 0.006348252223232859
46681.48899586098, 0.010783382021792137
86194.79626216594, 0.017591513902795963
159153.94008393888, 0.026744967319901846
293868.9775099592, 0.04043813705101543
542612.8683788963, 0.05938615240442631
1001904.7516521041, 0.08190999768928599
1849961.897111, 0.10826726708552939
3415852.6697464795, 0.1773440909907828
6307183.666666665, 0.21259531695293846
