54.88388945684072, 0.0005019883727663075
112.11365772923777, 0.0007975141819559428
229.019341993118, 0.0006245809311808969
467.82756061380786, 0.000778917992702249
955.6512762858391, 0.0010611383667983817
1952.1495498651416, 0.0016128937538270895
3987.739000202856, 0.002343803095527798
8145.924237637139, 0.003730361814585172
16640.026260983617, 0.005892992633593628
33991.290108848516, 0.009497150210390498
69435.45551806163, 0.012879212457909432
141838.76126977726, 0.016963617625638798
289740.07657099166, 0.021583029700411958
591864.39038122, 0.026497015884943225
1209026.5894421518, 0.03186653283920599
2469730.0897535123, 0.03762745058675634
5045022.805535029, 0.04506522139860371
10305682.881690426, 0.05290599594910679
21051857.197046652, 0.06275227426939692
43003524.99999996, 0.04222134858121804
