54.88388945684072, 0.002407283002106954
112.11365772923777, 0.0027421222712055836
229.019341993118, 0.0016673261523660562
467.82756061380786, 0.001221955025286796
955.6512762858391, 0.0013497471602240956
1952.1495498651416, 0.0018082487972798872
3987.739000202856, 0.002781444329787035
8145.924237637139, 0.005008162953824927
16640.026260983617, 0.010442935803589728
33991.290108848516, 0.0205475570530682
69435.45551806163, 0.013155847985315605
141838.76126977726, 0.007958855922420285
289740.07657099166, 0.007509034401434151
591864.39038122, 0.006975698401100162
1209026.5894421518, 0.008004938140183963
2469730.0897535123, 0.010219201173127157
5045022.805535029, 0.015369887188320655
10305682.881690426, 0.031026379519017416
21051857.197046652, 0.07159268174120373
43003524.99999996, 0.1260167410918713
