54.88388945684072, 4.837740533283929e-05
104.10161765025859, 6.745553193084873e-05
197.45588194733693, 7.026533072543284e-05
374.52660386688825, 8.390710748174694e-05
710.3874324770746, 0.00012466955086404673
1347.4351328076275, 0.0002111014050887533
2555.7623264723206, 0.00046245623203904833
4847.670147805011, 0.001163663918174424
9194.871376931364, 0.002508885632372808
17440.472858202495, 0.0024459909332679507
33080.407658645105, 0.004807508504693498
62745.625061850296, 0.002157553617774308
119013.45065115592, 0.003241433310794416
225740.06429823695, 0.0038081718740954344
428174.9361148972, 0.0039035268577810745
812145.493476889, 0.005917682698020029
1540445.848044283, 0.011208971516519875
2921857.511759249, 0.02437046152594431
5542065.194867227, 0.054944775542582834
10511972.777777769, 0.0983869983524195
