54.88388945684072, 0.0005330273653903091
112.11365772923777, 0.0008336376985593608
229.019341993118, 0.0006819921153960467
467.82756061380786, 0.0008575031846688894
955.6512762858391, 0.001161131297995339
1952.1495498651416, 0.0017394787533142944
3987.739000202856, 0.0025070063172926535
8145.924237637139, 0.003917464102070202
16640.026260983617, 0.006104487338219311
33991.290108848516, 0.009715992745058095
69435.45551806163, 0.013067867795463935
141838.76126977726, 0.01696251753433748
289740.07657099166, 0.02150157640849951
591864.39038122, 0.02628191527471879
1209026.5894421518, 0.03134857483904978
2469730.0897535123, 0.036422500646922845
5045022.805535029, 0.042743355011813935
10305682.881690426, 0.052604166311046544
21051857.197046652, 0.08937946784321972
43003524.99999996, 0.1616734403469162
