54.88388945684072, 0.0023816134776651304
104.10161765025859, 0.002682452519499256
197.45588194733693, 0.0020990162663482984
374.52660386688825, 0.002183159487289471
710.3874324770746, 0.002810871874093883
1347.4351328076275, 0.003911925827137705
2555.7623264723206, 0.006959440725906753
4847.670147805011, 0.013952421429229393
9194.871376931364, 0.02545801465106207
17440.472858202495, 0.018429648203078113
33080.407658645105, 0.031168321760035603
62745.625061850296, 0.012067472867364896
119013.45065115592, 0.015419010752504111
225740.06429823695, 0.015788938107112346
428174.9361148972, 0.014860235124802687
812145.493476889, 0.018838390467217407
1540445.848044283, 0.026990352939823173
2921857.511759249, 0.04952159423681255
5542065.194867227, 0.10352422675983096
10511972.777777769, 0.1987800234717029
