54.88388945684072, 1.4022726415855892e-05
113.30403416398768, 2.3848272519611965e-05
233.9084253117558, 3.802520073797899e-05
482.8879380643902, 6.105427618175058e-05
996.8891048592731, 0.00011092410287511573
2058.0093414025328, 0.00020672679149148375
4248.619458929673, 0.0003786136132281091
8770.98414650259, 0.0007381013841385096
18107.096585576608, 0.0014356621506355775
37380.86186031192, 0.0028869806030323627
77170.23139605852, 0.005392759893838226
159312.6620775966, 0.010036388155852071
328890.089340161, 0.016507975615790243
678971.0840026829, 0.024138209971332005
1401689.3419825074, 0.033287138270635806
2893691.7310893773, 0.042881376126473074
5973828.567984884, 0.05298198656542766
12332560.29875633, 0.06797860097593686
25459726.83875746, 0.09278479550181003
52559863.888888836, 0.09578872371562813
