548.8388945684072, 0.0001285802092626401
1665.695957500003, 0.00033005932066241704
5055.295917053549, 0.0008951221883517962
15342.545975397918, 0.0025378098964712226
46563.7859522963, 0.007366861007198372
141318.53772431254, 0.018342317447143798
210085.39781770462, 0.023753584964515597
312314.8249830068, 0.030127296603168895
175701.97, 0.021140812458966485
464290.00262457127, 0.037152251945457446
690217.6563307677, 0.04502677365317578
93941.16500000001, 0.013689987838874844
1026083.7201268772, 0.053618109300121564
1525385.2042939647, 0.06266280030529435
2267651.2411591783, 0.07251866316887996
3371110.547719582, 0.08216386473714497
5011522.98848961, 0.0908137815671999
7450174.744684446, 0.10301483991886826
11075496.182261806, 0.11473609720403606
16464931.345511904, 0.14328914092788003
24476913.697699316, 0.15883270430563043
36387598.07692306, 0.1477300444170582
