548.8388945684072, 0.0001552426646780802
1642.0294465719837, 0.000402910034736269
4912.663315397437, 0.001089098418298141
14697.824634531458, 0.003102053567084761
43973.306355101435, 0.008905578149974669
131560.3988944478, 0.021370027104021874
194581.85796507605, 0.027592696796602333
287792.5254659503, 0.03500033110841006
425653.9565417006, 0.04306486982630786
629555.2340223654, 0.05217682097101337
931131.4662856325, 0.062352863569496444
1377171.9471979365, 0.07290699149566628
2036879.4749410357, 0.0831630995716807
3012607.1068159486, 0.09351170761765384
4455738.148326477, 0.10409491532883662
6590173.143233162, 0.11647098953576651
9747067.850947142, 0.1355228418359051
14416211.778672231, 0.15308721019795116
21322018.60350577, 0.17161384117692366
31535918.33333332, 0.16620131453952602
26428968.465, 0.19666262291714803
17869115.19, 0.1562726257413541
12081639.815, 0.14897090701026613
