54.88388945684072, 5.770267959312567e-05
101.34007658211323, 6.405526817218537e-05
187.11886535928727, 7.498905043806698e-05
345.5046705532785, 8.596355442560923e-05
637.9553293299443, 0.00013806699729039702
1177.949350348125, 0.00025235250913098077
2175.0185447043027, 0.000569472916563208
4016.0518518131016, 0.0013494567732510903
7415.418372280658, 0.002346691014998482
13692.161273050358, 0.0014228870110368952
25281.821053821543, 0.0013892104389274203
46681.48899586098, 0.003273623995089564
86194.79626216594, 0.0020502180866682628
159153.94008393888, 0.0027401559244611936
293868.9775099592, 0.0038443544942334683
542612.8683788963, 0.005895354907823635
1001904.7516521041, 0.011240473213908518
1849961.897111, 0.021880566395750572
3415852.6697464795, 0.06326573507176807
6307183.666666665, 0.08987449911518824
