54.88388945684072, 0.00040451592187703184
113.30403416398768, 0.000608796931126387
233.9084253117558, 0.0005673507062236208
482.8879380643902, 0.0006250913422056916
996.8891048592731, 0.0009062832549634511
2058.0093414025328, 0.0013353618501680672
4248.619458929673, 0.0018895663284134118
8770.98414650259, 0.0029655085791279565
18107.096585576608, 0.0045716564361781625
37380.86186031192, 0.0073824413748385985
77170.23139605852, 0.010143487379795906
159312.6620775966, 0.01311765445089167
328890.089340161, 0.015697530293632928
678971.0840026829, 0.01915512690439623
1401689.3419825074, 0.022878205355808624
2893691.7310893773, 0.026669116388568084
5973828.567984884, 0.031027537072636
12332560.29875633, 0.04039302721228964
25459726.83875746, 0.07475503413336614
52559863.888888836, 0.15084460540837086
