54.88388945684072, 1.93571450214753e-05
112.11365772923777, 3.6396444198955174e-05
229.019341993118, 4.9797544598438073e-05
467.82756061380786, 8.827571313129351e-05
955.6512762858391, 0.00015218754146582847
1952.1495498651416, 0.00028623227710495674
3987.739000202856, 0.0005453298557742831
8145.924237637139, 0.0010350024984547052
16640.026260983617, 0.002028529530840245
33991.290108848516, 0.004121939470087048
69435.45551806163, 0.007573896202294878
141838.76126977726, 0.014404269863331712
289740.07657099166, 0.022297414993313964
591864.39038122, 0.032570204287464447
1209026.5894421518, 0.0450643715962496
2469730.0897535123, 0.05792327329144705
5045022.805535029, 0.07249046830470615
10305682.881690426, 0.09029390081535192
21051857.197046652, 0.1212811946391435
43003524.99999996, 0.1261762176179106
