54.88388945684072, 2.838276927470488e-05
104.10161765025859, 5.014931746041659e-05
197.45588194733693, 8.117761140945304e-05
374.52660386688825, 0.00013507114138709301
710.3874324770746, 0.00023945130526814264
1347.4351328076275, 0.00041103454220607416
2555.7623264723206, 0.0007277698633702637
4847.670147805011, 0.0013586142562496254
9194.871376931364, 0.002526929031781531
17440.472858202495, 0.004582265582227071
33080.407658645105, 0.008272331885846845
62745.625061850296, 0.013401232237410297
119013.45065115592, 0.021469509078305197
225740.06429823695, 0.033424117114688436
428174.9361148972, 0.04848368145757039
812145.493476889, 0.06785581011774018
1540445.848044283, 0.09495622480679863
2921857.511759249, 0.12302265462527921
5542065.194867227, 0.17444446583994455
10511972.777777769, 0.2645382423168759
