54.88388945684072, 0.002838529166307451
101.34007658211323, 0.002446435609829983
187.11886535928727, 0.0024291812897805306
345.5046705532785, 0.0022800418701992282
637.9553293299443, 0.0031601709279114204
1177.949350348125, 0.004785473898032515
2175.0185447043027, 0.008842654591562327
4016.0518518131016, 0.017264771437817687
7415.418372280658, 0.024371130103665536
13692.161273050358, 0.010744954990591379
25281.821053821543, 0.008630283024293254
46681.48899586098, 0.018625559416090443
86194.79626216594, 0.01146779259852042
159153.94008393888, 0.012925752259214383
293868.9775099592, 0.016655055557255768
542612.8683788963, 0.019499935673667864
1001904.7516521041, 0.032011803432754574
1849961.897111, 0.05144935386954913
3415852.6697464795, 0.1307135231071555
6307183.666666665, 0.19198912460446332
