54.88388945684072, 0.0003924703047033519
104.10161765025859, 0.0005518715002081064
197.45588194733693, 0.0006977865928728064
374.52660386688825, 0.0009478497399613656
710.3874324770746, 0.0013451620446057113
1347.4351328076275, 0.0018637325454860193
2555.7623264723206, 0.0026814403176004314
4847.670147805011, 0.004038229874729326
9194.871376931364, 0.006114885594498844
17440.472858202495, 0.008355599625364018
33080.407658645105, 0.013117402796676263
62745.625061850296, 0.018479349495265612
119013.45065115592, 0.02564286184182825
225740.06429823695, 0.03485141258644106
428174.9361148972, 0.04336529913582764
812145.493476889, 0.05445657521752159
1540445.848044283, 0.0704151954603951
2921857.511759249, 0.08987447480213065
5542065.194867227, 0.1373826355098008
10511972.777777769, 0.24957692102904025
