0.041733330210553435, 0.0006752114541136016
0.0768480500846404, 0.0009193164858892883
0.14150854417838915, 0.002367070220227501
0.26057483636126033, 0.003327035361469077
0.4798243508116522, 0.004834014861995491
0.883551960913951, 0.007237292636432109
1.626978844058972, 0.010269294186214393
2.995930376610034, 0.011800668285294063
5.516727432732005, 0.008292179227980416
10.158541001041211, 0.00833521909167179
18.706009410135106, 0.016189618108558186
34.44537832905318, 0.01901624392012099
63.4279638279642, 0.022642155705053853
116.79670221442207, 0.027687994388061913
215.07027539405445, 0.03773995856812534
396.0319296786003, 0.052893194139535374
729.2560026604757, 0.0690240170795097
1342.8571727737449, 0.09640588783938717
2472.7467170530144, 0.11547747837121289
4553.333333333334, 0.08853977545789479
3513.04, 0.18077562561794192
1907.8049999999998, 0.11397542632169717
1036.06, 0.08529023760309094
