0.041733330210553435, 0.0
0.08544540415211163, 0.0
0.1749421159031171, 0.0
0.35817893566488923, 0.00038270827569981654
0.7333405640588057, 0.0009193164858892883
1.5014517308109934, 0.0019719280248248565
3.074093280041922, 0.003998198275795606
6.2939415903131, 0.007907091763881945
12.886304068734313, 0.015142070038398172
26.383599238902026, 0.005923434169186046
54.01815020707958, 0.0054545518330070385
110.59751648638387, 0.004472740680424449
226.43890259227854, 0.004671799937026362
463.61417720901574, 0.004628336821252688
949.2101527104004, 0.005905466135754432
1943.426146785621, 0.007904576222149124
3978.9978828453623, 0.01055702024071717
8146.655934353006, 0.015075248909300542
16679.577337515348, 0.025331140255951106
34149.99999999998, 0.014331094773140618
25414.79, 0.02793198566491901
12413.12, 0.019732429158078477
6062.83, 0.012940599634655001
