0.041733330210553435, 0.00035638192513112076
0.08276255622937766, 0.0007235017038938099
0.16412878337441608, 0.0013782880486753507
0.32548846675670845, 0.0032079322628894877
0.6454854524203275, 0.006870048184006946
1.280080592218672, 0.013793181709937909
2.538564295183957, 0.027481364668590625
5.034299183939164, 0.05578192387932578
9.983662151670632, 0.10882001348192255
19.798884872930742, 0.014816129647270955
39.2637327121462, 0.024525717473486426
77.86502706516609, 0.02287896943425972
154.41635374579326, 0.020508174599229632
306.22747082833877, 0.021854843830756344
607.2884225999667, 0.02154707225737764
1204.3309740512861, 0.02493744541249535
2388.3430690967352, 0.02658333773590701
4736.391190300402, 0.02189703463217619
9392.872321328403, 0.0
18627.27272727271, 0.0
14010.07, 0.0
7064.630000000001, 0.02242750113594595
3562.3650000000002, 0.026824599805934324
