0.041733330210553435, 0.0008519157455327668
0.08203807095115041, 0.0025344493429599814
0.16126786555087955, 0.005005005005005006
0.31701530957282775, 0.009903520541818416
0.6231787477329064, 0.019764445296360192
1.225025227170417, 0.040380806338253146
2.408116150724582, 0.07715161970481119
4.733799163283563, 0.13338870785679297
9.305553850283145, 0.19206440483036227
18.2925657539841, 0.040284965816880715
35.95895174510759, 0.028230358017592057
70.68697896167751, 0.02026272481485835
138.95424511112063, 0.020900786308973174
273.1518947056607, 0.018602798953237003
536.9534232050684, 0.019932810750279955
1055.5261899329812, 0.019060283687943262
2074.9202621415043, 0.016843971631205674
4078.8131410730084, 0.008865248226950355
8018.002881045289, 0.0017730496453900709
15761.538461538452, 0.0
11889.77, 0.0026595744680851063
6048.405, 0.003989361702127659
3076.865, 0.009308510638297872
