0.041733330210553435, 0.00035591146702257815
0.08142251208898892, 0.0007155303451599747
0.15885685233921407, 0.0012049086123160197
0.30993270641837095, 0.0025775775775775775
0.6046845388998304, 0.0052052052052052045
1.1797509072531602, 0.010543877210543878
2.3017162067628414, 0.017581470359248137
4.490691606086515, 0.024380862343825308
8.761423776625366, 0.027821339858376898
17.09370255788111, 0.019112631149668186
33.350135159180184, 0.017096726355985612
65.06674088714557, 0.018867396808573276
126.94643513339854, 0.024608925695882217
247.67488233396156, 0.03171156004489338
483.21835327381257, 0.040200617283950614
942.7680947711406, 0.051248923341946605
1839.3582828480996, 0.06439393939393939
3588.622601301755, 0.07516835016835018
7001.470183738695, 0.09129629629629629
13659.999999999995, 0.035493827160493825
10330.735, 0.07253086419753085
5295.045, 0.08677248677248676
2713.99, 0.07080246913580247
