0.041733330210553435, 0.0003531309086864642
0.07480947420939708, 0.0005208912616320023
0.1341004277217069, 0.0013513513513513514
0.24038298497873734, 0.0019445371297223148
0.4309007842033477, 0.002721239758276796
0.772415259938151, 0.0037305824342861384
1.3846002505852162, 0.003991954917880843
2.4819782225355715, 0.004563823082341601
4.449093443784336, 0.005402624847069291
7.97526436444834, 0.006336411343223333
14.296135265870733, 0.0037218147242597125
25.626671944712403, 0.013568063677712799
45.93733220541904, 0.017884222805482648
82.34539758825133, 0.02456964006259781
147.60901816512722, 0.033855650522317184
264.59793603305803, 0.03935185185185185
474.30752282786176, 0.054706790123456785
850.224418164002, 0.05432098765432098
1524.07779014854, 0.07777777777777777
2731.999999999999, 0.022222222222222223
2128.04, 0.0763888888888889
1187.15, 0.06620370370370371
662.265, 0.06041666666666667
