0.041733330210553435, 0.00035638192513112076
0.08203807095115041, 0.0010293737118901517
0.16126786555087955, 0.0021259522864937757
0.31701530957282775, 0.004337456044820245
0.6231787477329064, 0.008687269576358427
1.225025227170417, 0.01772428827821033
2.408116150724582, 0.03502384861824461
4.733799163283563, 0.07147412861324241
9.305553850283145, 0.12808978901573942
18.2925657539841, 0.03383824629645387
35.95895174510759, 0.03749884908409981
70.68697896167751, 0.026771686986614165
138.95424511112063, 0.024943207736372885
273.1518947056607, 0.025332604984378625
536.9534232050684, 0.02705427793154132
1055.5261899329812, 0.029093686314577906
2074.9202621415043, 0.029971882099959164
4078.8131410730084, 0.03321807445956595
8018.002881045289, 0.017098671562044247
15761.538461538452, 0.0
11889.77, 0.02564800734306637
6048.405, 0.021971691013109446
3076.865, 0.028767696346787153
