0.041733330210553435, 0.0
0.08544540415211163, 0.0
0.1749421159031171, 0.0
0.35817893566488923, 0.0008519157455327668
0.7333405640588057, 0.0025344493429599814
1.5014517308109934, 0.005803676016441974
3.074093280041922, 0.012406023044320915
6.2939415903131, 0.02537644027005729
12.886304068734313, 0.05339381935126616
26.383599238902026, 0.009179392158115562
54.01815020707958, 0.011298532575128322
110.59751648638387, 0.011128149426021767
226.43890259227854, 0.00692181543245373
463.61417720901574, 0.006597205316714543
949.2101527104004, 0.005848542906120804
1943.426146785621, 0.005080978088281994
3978.9978828453623, 0.0019446350949439489
8146.655934353006, 0.0012973533990659055
16679.577337515348, 0.0014184397163120566
34149.99999999998, 0.0
25414.79, 0.0
12413.12, 0.0013297872340425532
6062.83, 0.0018341892883345563
