0.041733330210553435, 0.00017795573351128907
0.08203807095115041, 0.000532013494976458
0.16126786555087955, 0.0010529047566084605
0.31701530957282775, 0.0020622474326178033
0.6231787477329064, 0.004152300448596745
1.225025227170417, 0.008976569161754346
2.408116150724582, 0.015973380788195605
4.733799163283563, 0.022450228005783564
9.305553850283145, 0.02710951692433174
18.2925657539841, 0.01735809883958032
35.95895174510759, 0.015581322062803545
70.68697896167751, 0.016222887251892776
138.95424511112063, 0.021160426731078905
273.1518947056607, 0.027030104971281443
536.9534232050684, 0.034483430799220276
1055.5261899329812, 0.04456018518518518
2074.9202621415043, 0.0576003086419753
4078.8131410730084, 0.06574074074074074
8018.002881045289, 0.06851851851851852
15761.538461538452, 0.02839506172839506
11889.77, 0.04652777777777778
6048.405, 0.06921296296296296
3076.865, 0.06157407407407407
