0.041733330210553435, 0.0003216179142105068
0.07349632995799037, 0.0007322136951766581
0.1294339677672743, 0.0009982204426648871
0.227945422874254, 0.0016738961183405626
0.40143338495769776, 0.0018537055574092609
0.7069620461187887, 0.0026155785415044675
1.2450268298067233, 0.0032569606643680716
2.1926096534440003, 0.003282912542171801
3.861392363024128, 0.00289641493345197
6.800276080970864, 0.0039328780607850375
11.975927445303109, 0.008901884340480832
21.090737562332617, 0.012585910652920963
37.142777705925695, 0.017037037037037035
65.41193410778138, 0.023088410991636797
115.19658431572039, 0.029100529100529102
202.87204802938652, 0.03587962962962963
357.2768074341348, 0.05168350168350168
629.1981491301245, 0.05339506172839505
1108.0772740664352, 0.06450617283950616
1951.4285714285722, 0.02546296296296296
1529.755, 0.06388888888888888
868.64, 0.04884259259259259
493.24, 0.04826388888888889
