0.041733330210553435, 0.00038270827569981654
0.08203807095115041, 0.0009193164858892883
0.16126786555087955, 0.0017222670495014132
0.31701530957282775, 0.003243197467115091
0.6231787477329064, 0.006135474171530408
1.225025227170417, 0.012101654296693286
2.408116150724582, 0.019716351727606288
4.733799163283563, 0.030140160128057935
9.305553850283145, 0.03815760517584872
18.2925657539841, 0.01991274151190905
35.95895174510759, 0.019258766065317286
70.68697896167751, 0.017584271571311014
138.95424511112063, 0.020183058353837085
273.1518947056607, 0.02552392180509407
536.9534232050684, 0.03195001943789837
1055.5261899329812, 0.04118728215210149
2074.9202621415043, 0.05428325742751421
4078.8131410730084, 0.06812952644128575
8018.002881045289, 0.08921621829959929
15761.538461538452, 0.09305235647511739
11889.77, 0.09729907676594969
6048.405, 0.07932049977032067
3076.865, 0.061442528657651825
