0.041733330210553435, 0.0007235017038938099
0.0768480500846404, 0.0010293737118901517
0.14150854417838915, 0.0032626815990585774
0.26057483636126033, 0.004610047029150164
0.4798243508116522, 0.008485473469606299
0.883551960913951, 0.01646915313847693
1.626978844058972, 0.030551537052153684
2.995930376610034, 0.04976559113179518
5.516727432732005, 0.035073958133508144
10.158541001041211, 0.021709264342528557
18.706009410135106, 0.039854314118663935
34.44537832905318, 0.0361056849310002
63.4279638279642, 0.03675320317640318
116.79670221442207, 0.028661388194537254
215.07027539405445, 0.04319192089163144
396.0319296786003, 0.056589345342897446
729.2560026604757, 0.03754291588764627
1342.8571727737449, 0.06397436224878171
2472.7467170530144, 0.02564800734306637
4553.333333333334, 0.0
3513.04, 0.05129601468613274
1907.8049999999998, 0.05250622416703434
1036.06, 0.07194883117509787
