0.041733330210553435, 0.0
0.08364129481137131, 0.00038270827569981654
0.167632589166192, 0.0009193164858892883
0.3359666420030231, 0.0017222670495014132
0.6733391466434009, 0.0034916342718881673
1.3494959014364987, 0.006870750083680158
2.7046388095394387, 0.013091148950110041
5.420595262483, 0.021275485893434126
10.863873170797477, 0.032805047517986956
21.773206549479653, 0.012260658414833888
43.637523744352, 0.012030262153959534
87.45765003475775, 0.011611377084713437
175.28126926753362, 0.012028694969084977
351.29600834034943, 0.015415265991830743
704.0620255179847, 0.019188255546204572
1411.0702200072533, 0.025330999127370545
2828.0451062907905, 0.03347851631106562
5667.924253389869, 0.04556291226167871
11359.5661083002, 0.0662110702655135
22766.666666666646, 0.06063145719496707
17063.12, 0.07969958167779748
8513.744999999999, 0.056447697850245344
4247.985000000001, 0.04006749480065191
