0.041733330210553435, 0.0007705600287575041
0.07480947420939708, 0.0011534829873197404
0.1341004277217069, 0.0025265622192949286
0.24038298497873734, 0.0038696139376219736
0.4309007842033477, 0.007455396039464092
0.772415259938151, 0.013885230319269063
1.3846002505852162, 0.022956118693374973
2.4819782225355715, 0.03820927149074433
4.449093443784336, 0.0699643075467546
7.97526436444834, 0.061915861005315556
14.296135265870733, 0.026076037207954032
25.626671944712403, 0.0354356896816883
45.93733220541904, 0.03271182477483943
82.34539758825133, 0.03527465141039775
147.60901816512722, 0.034069819958529174
264.59793603305803, 0.03543204081571059
474.30752282786176, 0.06397737075414438
850.224418164002, 0.07056648490117871
1524.07779014854, 0.034197343124088495
2731.999999999999, 0.0
2128.04, 0.0
1187.15, 0.06563278020879292
662.265, 0.05431004749112272
