0.041733330210553435, 0.0016399378101505761
0.07480947420939708, 0.0024173109279492255
0.1341004277217069, 0.005771729175984496
0.24038298497873734, 0.009062253743104808
0.4309007842033477, 0.014748791344536025
0.772415259938151, 0.02391753455583243
1.3846002505852162, 0.030381445275062292
2.4819782225355715, 0.039454347964986265
4.449093443784336, 0.055896321853768666
7.97526436444834, 0.04743753261058612
14.296135265870733, 0.01375955886178016
25.626671944712403, 0.022583053378126165
45.93733220541904, 0.021527894119618026
82.34539758825133, 0.027270002996703624
147.60901816512722, 0.025095471903982543
264.59793603305803, 0.019825918762088973
474.30752282786176, 0.044326241134751775
850.224418164002, 0.03900709219858156
1524.07779014854, 0.0035460992907801418
2731.999999999999, 0.0
2128.04, 0.0
1187.15, 0.018617021276595744
662.265, 0.026595744680851064
