0.041733330210553435, 0.0
0.08544540415211163, 0.0
0.1749421159031171, 0.0
0.35817893566488923, 0.00017795573351128907
0.7333405640588057, 0.000532013494976458
1.5014517308109934, 0.0012049086123160197
3.074093280041922, 0.0025775775775775775
6.2939415903131, 0.005395210024839655
12.886304068734313, 0.011794201609016425
26.383599238902026, 0.00791810328847366
54.01815020707958, 0.008082156230304378
110.59751648638387, 0.006076446817187558
226.43890259227854, 0.005175545916286657
463.61417720901574, 0.004854224934316468
949.2101527104004, 0.006251097068632613
1943.426146785621, 0.0081997420305878
3978.9978828453623, 0.010434090003982478
8146.655934353006, 0.01307588075880759
16679.577337515348, 0.011666666666666667
34149.99999999998, 0.0006172839506172839
25414.79, 0.005687830687830687
12413.12, 0.013040123456790122
6062.83, 0.012084929757343552
