0.041733330210553435, 0.00038270827569981654
0.08276255622937766, 0.0006557403168939461
0.16412878337441608, 0.0011891546435123955
0.32548846675670845, 0.0024873162842415936
0.6454854524203275, 0.004971285711727475
1.280080592218672, 0.009651179396335011
2.538564295183957, 0.01683756786094253
5.034299183939164, 0.026110558973192616
9.983662151670632, 0.036598329474591976
19.798884872930742, 0.0159998146898366
39.2637327121462, 0.01518421763311299
77.86502706516609, 0.01398638834897312
154.41635374579326, 0.016286699148531283
306.22747082833877, 0.020946797619961426
607.2884225999667, 0.026162152663834443
1204.3309740512861, 0.03419836624296995
2388.3430690967352, 0.045723363891131616
4736.391190300402, 0.059399787830937884
9392.872321328403, 0.08516379562377437
18627.27272727271, 0.08040760264821725
14010.07, 0.09082779978991917
7064.630000000001, 0.06744798218078214
3562.3650000000002, 0.05132610775550796
