0.041733330210553435, 0.0
0.08364129481137131, 0.00035638192513112076
0.167632589166192, 0.0010293737118901517
0.3359666420030231, 0.0021259522864937757
0.6733391466434009, 0.004714646073558152
1.3494959014364987, 0.00981423947440864
2.7046388095394387, 0.019588945354704068
5.420595262483, 0.039474858742218254
10.863873170797477, 0.08329252500192072
21.773206549479653, 0.011384117625949066
43.637523744352, 0.021396572453754505
87.45765003475775, 0.02381654275757717
175.28126926753362, 0.017000796345850753
351.29600834034943, 0.016102176334982763
704.0620255179847, 0.01725199602078894
1411.0702200072533, 0.020644656457476578
2828.0451062907905, 0.020669767916037227
5667.924253389869, 0.012615469388969599
11359.5661083002, 0.0
22766.666666666646, 0.034197343124088495
17063.12, 0.02564800734306637
8513.744999999999, 0.014430489325798442
4247.985000000001, 0.019731340196424724
