0.041733330210553435, 0.0006557403168939461
0.08142251208898892, 0.0011891546435123955
0.15885685233921407, 0.0019719280248248565
0.30993270641837095, 0.003998198275795606
0.6046845388998304, 0.007641799931013338
1.1797509072531602, 0.01391324709737529
2.3017162067628414, 0.022192358993013764
4.490691606086515, 0.03322785250980253
8.761423776625366, 0.039562469031879495
17.09370255788111, 0.022991277678989386
33.350135159180184, 0.02233142174326774
65.06674088714557, 0.020502767386498703
126.94643513339854, 0.023225458047947158
247.67488233396156, 0.02964416486570906
483.21835327381257, 0.03687776594169133
942.7680947711406, 0.046367051274544005
1839.3582828480996, 0.060455937808324936
3588.622601301755, 0.07856521061753632
7001.470183738695, 0.11220923406077062
13659.999999999995, 0.10281762472293161
10330.735, 0.1382822829871638
5295.045, 0.09479467614925569
2713.99, 0.06869876747322023
