0.041733330210553435, 0.0016612357037888953
0.08142251208898892, 0.0033863650884927484
0.15885685233921407, 0.005803676016441974
0.30993270641837095, 0.012406023044320915
0.6046845388998304, 0.024599067152258642
1.1797509072531602, 0.047707281749834955
2.3017162067628414, 0.0896108874832279
4.490691606086515, 0.15185398164121566
8.761423776625366, 0.20503482205609863
17.09370255788111, 0.0627648925521266
33.350135159180184, 0.035205418184141586
65.06674088714557, 0.022578899299800427
126.94643513339854, 0.02180520681908286
247.67488233396156, 0.02159896840747905
483.21835327381257, 0.022796352583586622
942.7680947711406, 0.024245423057892127
1839.3582828480996, 0.01934235976789168
3588.622601301755, 0.0038684719535783366
7001.470183738695, 0.002127659574468085
13659.999999999995, 0.0
10330.735, 0.0035460992907801418
5295.045, 0.00303951367781155
2713.99, 0.02056737588652482
