0.041733330210553435, 0.0007705600287575041
0.07349632995799037, 0.0014393421583554459
0.1294339677672743, 0.0023159194789747544
0.227945422874254, 0.004058366583772469
0.40143338495769776, 0.007147823458771302
0.7069620461187887, 0.012179178642848218
1.2450268298067233, 0.021521287043186572
2.1926096534440003, 0.03085767132467048
3.861392363024128, 0.022297755467868913
6.800276080970864, 0.066785067291142
11.975927445303109, 0.021389623720854522
21.090737562332617, 0.03732418364067307
37.142777705925695, 0.04245020066979362
65.41193410778138, 0.04126371426948743
115.19658431572039, 0.04279674115601436
202.87204802938652, 0.040874466922208794
357.2768074341348, 0.07209408921484675
629.1981491301245, 0.061035157723611726
1108.0772740664352, 0.09301331240144681
1951.4285714285722, 0.0
1529.755, 0.07215244662899221
868.64, 0.06975998430108511
493.24, 0.044503192900748695
