0.041733330210553435, 0.0006494315289056313
0.07480947420939708, 0.0008909345517996098
0.1341004277217069, 0.0018849724687148449
0.24038298497873734, 0.002554322180821096
0.4309007842033477, 0.0036789755911883605
0.772415259938151, 0.005233045180174398
1.3846002505852162, 0.005913131214213159
2.4819782225355715, 0.0065553895668026855
4.449093443784336, 0.008996054221729763
7.97526436444834, 0.009688168107773796
14.296135265870733, 0.00925641486076473
25.626671944712403, 0.017944159321123122
45.93733220541904, 0.0220372302921006
82.34539758825133, 0.028232409969669643
147.60901816512722, 0.03692030573392249
264.59793603305803, 0.04693572426101268
474.30752282786176, 0.07016087066751854
850.224418164002, 0.0888996049781982
1524.07779014854, 0.14315665251916804
2731.999999999999, 0.10304020550550783
2128.04, 0.17988658120817527
1187.15, 0.11238753714180721
662.265, 0.08519619242491829
