0.041733330210553435, 0.0006701030213176661
0.08276255622937766, 0.0009359171013049309
0.16412878337441608, 0.0014640844733372553
0.32548846675670845, 0.002758134472730737
0.6454854524203275, 0.0052347643904408925
1.280080592218672, 0.009895442630818053
2.538564295183957, 0.017048660518153232
5.034299183939164, 0.026184911590874816
9.983662151670632, 0.03676707375188091
19.798884872930742, 0.016074551767889158
39.2637327121462, 0.015237063875672613
77.86502706516609, 0.014075340959210404
154.41635374579326, 0.01634750226036084
306.22747082833877, 0.020881715231656644
607.2884225999667, 0.025671312050563784
1204.3309740512861, 0.0326640200324458
2388.3430690967352, 0.04318433935205314
4736.391190300402, 0.06005435129425771
9392.872321328403, 0.09631954056277178
18627.27272727271, 0.11528139300527117
