0.041733330210553435, 0.0008519157455327668
0.08276255622937766, 0.0016612357037888953
0.16412878337441608, 0.0033863650884927484
0.32548846675670845, 0.007475560667050029
0.6454854524203275, 0.015653951824164593
1.280080592218672, 0.03121206312695675
2.538564295183957, 0.06223244521116863
5.034299183939164, 0.11136668583477095
9.983662151670632, 0.17624006985709115
19.798884872930742, 0.016665601771984753
39.2637327121462, 0.01900837007219986
77.86502706516609, 0.017123287671232876
154.41635374579326, 0.01751338833405703
306.22747082833877, 0.017778416714586926
607.2884225999667, 0.016963772282921216
1204.3309740512861, 0.01633738601823708
2388.3430690967352, 0.01182033096926714
4736.391190300402, 0.004909983633387889
9392.872321328403, 0.0
18627.27272727271, 0.0
14010.07, 0.0
7064.630000000001, 0.004728132387706856
3562.3650000000002, 0.008274231678487
