0.041733330210553435, 0.0
0.08364129481137131, 0.0008519157455327668
0.167632589166192, 0.0025344493429599814
0.3359666420030231, 0.005005005005005006
0.6733391466434009, 0.010723489446893702
1.3494959014364987, 0.02217110727749026
2.7046388095394387, 0.044427406129533796
5.420595262483, 0.08539390454284072
10.863873170797477, 0.14872319127638275
21.773206549479653, 0.015760441292356184
43.637523744352, 0.018699550614444234
87.45765003475775, 0.016601708091069797
175.28126926753362, 0.014769320757476055
351.29600834034943, 0.01338958180484226
704.0620255179847, 0.01322399527186761
1411.0702200072533, 0.013784836679652381
2828.0451062907905, 0.009386733416770963
5667.924253389869, 0.0026595744680851063
11359.5661083002, 0.0
22766.666666666646, 0.0035460992907801418
17063.12, 0.0026595744680851063
8513.744999999999, 0.002127659574468085
4247.985000000001, 0.005319148936170213
