0.041733330210553435, 0.00010844177510844177
0.08276255622937766, 0.000230786341897453
0.16412878337441608, 0.0005227449671894116
0.32548846675670845, 0.001302228154080006
0.6454854524203275, 0.0028890001112223335
1.280080592218672, 0.006390649909168427
2.538564295183957, 0.012901790679568457
5.034299183939164, 0.019382345308271234
9.983662151670632, 0.025410595780966154
19.798884872930742, 0.014231824417009603
39.2637327121462, 0.012995402810217627
77.86502706516609, 0.012449264332825977
154.41635374579326, 0.015969597715629464
306.22747082833877, 0.020049215882549216
607.2884225999667, 0.024674674674674674
1204.3309740512861, 0.03161375661375661
2388.3430690967352, 0.04272976680384088
4736.391190300402, 0.05135327635327635
9392.872321328403, 0.05385802469135802
18627.27272727271, 0.0095679012345679
