0.049752442996742675, 0.0
0.1010159103484706, 0.0
0.2050997605122291, 0.0
0.4164285766178874, 0.0
0.8455044461822271, 5.853807023397666e-06
1.7166875873888032, 4.683045618718133e-05
3.485512448812879, 9.951471939776033e-05
7.07688289941484, 0.00032195938628687166
14.36869680069214, 0.000439035526754825
29.17378324393242, 0.00025171370200609966
59.23359930059581, 0.0002926903511698833
120.26617380292193, 0.00087807105350965
244.18493442874637, 0.0027747045290904943
495.7859746970886, 0.0040534549369814436
1006.6293945667976, 0.00669987726517941
2043.830987000022, 0.011756194610236931
4149.734873596812, 0.019536019536019533
8425.500753573495, 0.0324561403508772
17106.89118963816, 0.03352826510721248
34733.33333333331, 0.023391812865497075
25920.11, 0.02172096908939014
12766.195, 0.03763030765319095
6287.615, 0.026469682979378274
