0.049752442996742675, 0.0
0.09888304259236959, 0.0
0.19653017064839484, 0.0
0.3906039596122588, 0.0002409323431882956
0.7763258575587122, 0.0007973650164152269
1.5429486114593782, 0.001462374258692131
3.066612292280081, 0.001997237975934033
6.094895760830652, 0.0024065056918652957
12.113612936629622, 0.0033738451185114883
24.075820840368547, 0.002558307895722877
47.85072398877556, 0.004407259738343569
95.10337368895826, 0.0050011523333502415
189.01807398239697, 0.00677708938960742
375.6736581066527, 0.009971536533979121
746.6518646697115, 0.014682698651640319
1483.9715135323304, 0.022247076235989025
2949.395236492963, 0.031572363433716895
5861.926716060148, 0.04130278680268026
11650.586669190781, 0.08355889557259807
23155.555555555577, 0.18763638838753738
17403.075, 0.1267806046121567
8756.26, 0.05754813848019904
4405.665, 0.03612360973813756
