0.049752442996742675, 0.0
0.08688938570366034, 7.632430565305248e-05
0.15174662575772893, 0.00027444305521266395
0.26501555100632035, 0.0002259599841434274
0.4628323162013137, 0.0002683828480257486
0.8083063507286937, 0.0005620264480948064
1.411654142888658, 0.0009703203847118917
2.4653615765089794, 0.0027636169521494318
4.305592650682451, 0.0029136858371256627
7.519435789966857, 0.004698726906167809
13.132202506540512, 0.00750918452292246
22.934532256116125, 0.009416435933857353
40.05365966180152, 0.013340458110504414
69.9510953346606, 0.017035011106039256
122.1650101347741, 0.027099473534545754
213.35319525489277, 0.03621176648407678
372.6073928635914, 0.05499245312487294
650.7344267834153, 0.0941542664774528
1136.4650898275754, 0.1645298077661535
1984.7619047619053, 0.244077622862096
1560.615, 0.23671572687729936
893.6, 0.1412313997161792
511.67, 0.07038832232286972
