0.049752442996742675, 5.853807023397666e-06
0.08844182100771213, 3.5122842140386e-05
0.15721752002554526, 4.683045618718133e-05
0.2794757991338439, 5.853807023397667e-05
0.49680673177397516, 9.951471939776033e-05
0.88314240267271, 7.609949130416966e-05
1.5699072768469753, 0.00039220507056764365
2.790726445065125, 0.0011590537906327383
4.960900688878691, 0.003483015178921611
8.818684356697224, 0.003811999133636561
15.67642625005551, 0.007637828079433411
27.867007144529172, 0.01089970622958021
49.537443981563776, 0.016325536062378163
88.05963064133086, 0.021035175002182067
156.53812400118173, 0.03185595567867036
278.26807911125013, 0.031467557783347255
494.6598430659644, 0.049707602339181284
879.3260122524481, 0.10136452241715396
1563.1231171532206, 0.0935672514619883
2778.6666666666656, 0.2309941520467836
2170.895, 0.20175438596491227
1221.225, 0.15058479532163743
686.995, 0.07236842105263158
