0.049752442996742675, 0.0
0.09784417363623014, 0.0
0.19242235632898547, 5.853807023397666e-06
0.3784217479607675, 6.439187725737433e-05
0.7442119619658315, 0.000193175631772123
1.4635824904821595, 0.0003453746143804623
2.878311309035784, 0.000439035526754825
5.66054598603048, 0.0005268426321057899
11.132145699243216, 0.0007785563341118896
21.892705787570634, 0.001996148194978604
43.054643700334545, 0.005590385707344771
84.67214432741248, 0.00728316517790202
166.5179736453483, 0.010922739541160595
327.4776582925857, 0.017266705468251986
644.0242715732287, 0.027053615346778154
1266.5513260903247, 0.045375785141867006
2490.8257847216196, 0.0745072557938055
4898.509015805662, 0.11875843454790823
9633.508182352134, 0.1676413255360624
18945.454545454526, 0.07407407407407406
14289.48, 0.16666666666666666
7266.01, 0.16885964912280702
3694.67, 0.09714100064977256
