0.049752442996742675, 0.0
0.09784417363623014, 0.0
0.19242235632898547, 0.0
0.3784217479607675, 4.0976649163783664e-05
0.7442119619658315, 0.00013463756153814634
1.4635824904821595, 0.0002868365441464857
2.878311309035784, 0.00037464364949745064
5.66054598603048, 0.00045659694782501794
11.132145699243216, 0.000684895421737527
21.892705787570634, 0.0015571126682237793
43.054643700334545, 0.004712314653835121
84.67214432741248, 0.006076444672935902
166.5179736453483, 0.008589181286549707
327.4776582925857, 0.012693661483883487
644.0242715732287, 0.01830901240640542
1266.5513260903247, 0.028156811782542777
2490.8257847216196, 0.040069309075157024
4898.509015805662, 0.048582995951417
9633.508182352134, 0.05653021442495127
18945.454545454526, 0.013645224171539959
