0.049752442996742675, 0.0
0.09625993654247707, 5.853807023397666e-06
0.18624161598995967, 5.2684263210579e-05
0.3603361977206954, 0.00011122233344455567
0.6971705797205279, 0.0003102517722400763
1.3488703613523796, 0.00043318171973142733
2.6097648189116858, 0.00045074314080162034
5.04931578687855, 0.0006966030357843224
9.769305544647901, 0.0028742192484882546
18.901438304314915, 0.005871368444467859
36.57008866587757, 0.0072762821300832985
70.7550062327714, 0.010415115320843138
136.89523568671908, 0.01517774699907664
264.8619023800251, 0.023950534510373604
512.4490051129783, 0.03718143094361418
991.4751063914662, 0.05973266499582289
1918.284310801315, 0.10275689223057644
3711.4544513975598, 0.14726209463051568
7180.840747764155, 0.2619883040935672
13893.333333333325, 0.20272904483430793
10537.085, 0.30604288499025345
5446.145, 0.20300751879699244
2814.865, 0.12740183792815368
