0.049752442996742675, 0.0
0.1010159103484706, 0.0
0.2050997605122291, 0.0
0.4164285766178874, 0.0
0.8455044461822271, 0.0001467584514638412
1.7166875873888032, 0.0006565080822086602
3.485512448812879, 0.0018066827414357479
7.07688289941484, 0.0047358592522058
14.36869680069214, 0.006960912649111562
29.17378324393242, 0.0029140272790592527
59.23359930059581, 0.003387931958607557
120.26617380292193, 0.004459877103798677
244.18493442874637, 0.006108840040123489
495.7859746970886, 0.007126606954550052
1006.6293945667976, 0.009328826567659985
2043.830987000022, 0.012323506703812064
4149.734873596812, 0.014964295205564224
8425.500753573495, 0.027467032417472503
17106.89118963816, 0.019901945358543772
25920.11, 0.02550718494391196
12766.195, 0.025826816534619355
6287.615, 0.019022782160854453
