0.049752442996742675, 0.0
0.09085188155919055, 8.8000088000088e-05
0.16590269513771597, 0.000264000264000264
0.3029513949694708, 0.00066000066000066
0.5532131207257486, 0.000286000286000286
1.010210753358513, 0.000572000572000572
1.8447244433797392, 0.000704000704000704
3.368612203630936, 0.00408100408100408
6.151351340941361, 0.01276001276001276
11.232852294162953, 0.014509762082577617
20.512073472813967, 0.011249105923662135
37.4566625764994, 0.013597912878488416
68.398817566114, 0.01713418160786582
124.90163091513148, 0.025155567324242022
228.08022068773994, 0.03321123321123321
416.49245640607523, 0.05362637362637363
760.5480462975141, 0.060862214708368556
1388.8206660890876, 0.06750392464678179
2536.095979663608, 0.1401098901098901
4631.111111111111, 0.25274725274725274
3583.6049999999996, 0.25274725274725274
1962.46, 0.12967032967032965
1074.685, 0.08180708180708181
