0.049752442996742675, 0.0
0.08688938570366034, 5.853807023397666e-06
0.15174662575772893, 2.9269035116988335e-05
0.26501555100632035, 4.0976649163783664e-05
0.4628323162013137, 6.439187725737433e-05
0.8083063507286937, 0.00013463756153814634
1.411654142888658, 0.00048001217591860855
2.4653615765089794, 0.002060540072235979
4.305592650682451, 0.002706490744768257
7.519435789966857, 0.004539025059640678
13.132202506540512, 0.007416016381648127
22.934532256116125, 0.010080449743142384
40.05365966180152, 0.015350877192982455
69.9510953346606, 0.01992268807612251
122.1650101347741, 0.025627794977640183
213.35319525489277, 0.036011080332409975
372.6073928635914, 0.04837852206273259
650.7344267834153, 0.07797270955165692
1136.4650898275754, 0.10916179337231967
1984.7619047619053, 0.195906432748538
1560.615, 0.1695906432748538
893.6, 0.13304093567251463
511.67, 0.05555555555555555
