0.049752442996742675, 0.0
0.09085188155919055, 0.0002409323431882956
0.16590269513771597, 0.0003966791199643484
0.3029513949694708, 0.000931289001463199
0.5532131207257486, 0.0005126678502083678
1.010210753358513, 0.0008480548244841076
1.8447244433797392, 0.0009077742994447139
3.368612203630936, 0.002168817727378316
6.151351340941361, 0.005530896698891732
11.232852294162953, 0.005459646003046181
20.512073472813967, 0.007141718485277359
37.4566625764994, 0.008724407483736804
68.398817566114, 0.013558904326118342
124.90163091513148, 0.016936438217684157
228.08022068773994, 0.027123471974776547
416.49245640607523, 0.039892472003206184
760.5480462975141, 0.06076705277829341
1388.8206660890876, 0.09687292275733177
2536.095979663608, 0.13880422165401077
4631.111111111111, 0.24037150777268546
3583.6049999999996, 0.24903630818558578
1962.46, 0.1281329120818641
1074.685, 0.08362146470172296
