0.049752442996742675, 0.0
0.09625993654247707, 0.0001467584514638412
0.18624161598995967, 0.0007889393163291249
0.3603361977206954, 0.001984153188068857
0.6971705797205279, 0.004546904809721225
1.3488703613523796, 0.006826869503092014
2.6097648189116858, 0.007230480520660078
5.04931578687855, 0.012680336335511706
9.769305544647901, 0.03480544280477532
18.901438304314915, 0.022246874338799613
36.57008866587757, 0.02003585498227037
70.7550062327714, 0.02354636849834288
136.89523568671908, 0.02429553202271631
264.8619023800251, 0.02694421117469628
512.4490051129783, 0.03702983059003169
991.4751063914662, 0.057808328538530504
1918.284310801315, 0.08459452502626488
3711.4544513975598, 0.08521425819035414
7180.840747764155, 0.1281904753531225
13893.333333333325, 0.13278072498455573
10537.085, 0.16025379380386343
5446.145, 0.10017617666275552
2814.865, 0.08535903749007152
