0.049752442996742675, 0.0
0.09085188155919055, 0.00046095165142630463
0.16590269513771597, 0.0011088753127415582
0.3029513949694708, 0.0030093022632815014
0.5532131207257486, 0.001500846596117924
1.010210753358513, 0.0029796022815219213
1.8447244433797392, 0.003606091514060481
3.368612203630936, 0.013338709676808091
6.151351340941361, 0.03216054086298523
11.232852294162953, 0.038984904286218314
20.512073472813967, 0.026031519959248725
37.4566625764994, 0.026651921623903188
68.398817566114, 0.03258061587236005
124.90163091513148, 0.038749355215342285
228.08022068773994, 0.04801004127477733
416.49245640607523, 0.06688544386587511
760.5480462975141, 0.0650283501839963
1388.8206660890876, 0.07735437987287233
2536.095979663608, 0.18973952362452756
4631.111111111111, 0.24998490474895224
3583.6049999999996, 0.24998490474895224
1962.46, 0.14024664732785774
1074.685, 0.09438900166098993
