0.049752442996742675, 0.0
0.09698766718464961, 0.0
0.18906825513143583, 2.3415228093590665e-05
0.3685706248650077, 8.7807105350965e-05
0.718493463743802, 0.0002692751230762926
1.4006348379815703, 0.00037464364949745064
2.7304047265030995, 0.0004448893337782227
5.3226649575944345, 0.0006731878076907318
10.376030328327078, 0.001334668001334668
20.227086662809775, 0.003003003003003003
39.43078633336856, 0.0064508953397842276
76.86657682277351, 0.008871267286877954
149.8440985299668, 0.013313783979641707
292.10685309985183, 0.020927787633878703
569.4345954561186, 0.03283850652271705
1110.0587167375757, 0.05453852021357742
2163.9541475664228, 0.08873633358759217
4218.423297942482, 0.13742690058479531
8223.415981635382, 0.2046783625730994
16030.76923076922, 0.16569200779727095
12127.095000000001, 0.2149122807017544
6220.92, 0.17251461988304093
3191.185, 0.10964912280701754
