0.049752442996742675, 0.0
0.09085188155919055, 2.3415228093590665e-05
0.16590269513771597, 8.195329832756733e-05
0.3029513949694708, 0.00018732182474872532
0.5532131207257486, 8.195329832756733e-05
1.010210753358513, 0.000158052789631737
1.8447244433797392, 0.000193175631772123
3.368612203630936, 0.001159053790632738
6.151351340941361, 0.00431425577624408
11.232852294162953, 0.005639773652037321
20.512073472813967, 0.007843408653125253
37.4566625764994, 0.010875510118221212
68.398817566114, 0.01612034472145275
124.90163091513148, 0.023814556471500034
228.08022068773994, 0.033268356075373616
416.49245640607523, 0.050994152046783627
760.5480462975141, 0.07377417903733693
1388.8206660890876, 0.11528822055137841
2536.095979663608, 0.12134502923976608
4631.111111111111, 0.31871345029239767
3583.6049999999996, 0.2719298245614035
1962.46, 0.14970760233918126
1074.685, 0.10201429499675113
