0.049752442996742675, 0.0001467584514638412
0.08844182100771213, 0.0006503974523576094
0.15721752002554526, 0.0008163757302480269
0.2794757991338439, 0.0009821476107117978
0.49680673177397516, 0.001672725200388992
0.88314240267271, 0.0017639161609320705
1.5699072768469753, 0.004805657935046281
2.790726445065125, 0.004536354390587418
4.960900688878691, 0.029581252814919134
8.818684356697224, 0.019416252060181726
15.67642625005551, 0.04193557394327315
27.867007144529172, 0.02835285885173771
49.537443981563776, 0.03550445544886167
88.05963064133086, 0.03561431974841473
156.53812400118173, 0.05020329536317623
278.26807911125013, 0.0757916485397625
494.6598430659644, 0.08099090790899167
879.3260122524481, 0.1359759061778065
1563.1231171532206, 0.14044168141158103
2778.6666666666656, 0.24877431698179714
2170.895, 0.24986410990993568
1221.225, 0.1668376533042745
686.995, 0.12917931808251373
