0.049752442996742675, 5.853807023397666e-06
0.09784417363623014, 5.853807023397666e-06
0.19242235632898547, 1.1707614046795332e-05
0.3784217479607675, 7.0245684280772e-05
0.7442119619658315, 0.00019902943879552065
1.4635824904821595, 0.00035122842140386
2.878311309035784, 0.0004448893337782227
5.66054598603048, 0.0005326964391291877
11.132145699243216, 0.0007844101411352875
21.892705787570634, 0.0019844405809318092
43.054643700334545, 0.005596239514368168
84.67214432741248, 0.00728316517790202
166.5179736453483, 0.0109508547008547
327.4776582925857, 0.017238990050164906
644.0242715732287, 0.027108269115155483
1266.5513260903247, 0.04494260342213559
2490.8257847216196, 0.07169157461555122
4898.509015805662, 0.10166441745389113
9633.508182352134, 0.14522417153996098
18945.454545454526, 0.189083820662768
