0.049752442996742675, 0.0
0.09784417363623014, 0.0
0.19242235632898547, 0.0
0.3784217479607675, 0.00046381955732434924
0.7442119619658315, 0.0008923936334069509
1.4635824904821595, 0.001699581068621498
2.878311309035784, 0.00217058659244083
5.66054598603048, 0.0025691344692559104
11.132145699243216, 0.0032467263469467002
21.892705787570634, 0.0030294455243213697
43.054643700334545, 0.006285080788388079
84.67214432741248, 0.006435178091492289
166.5179736453483, 0.009267922624422593
327.4776582925857, 0.013835518942766203
644.0242715732287, 0.02039955107765528
1266.5513260903247, 0.03065812827242018
2490.8257847216196, 0.044858890070607296
4898.509015805662, 0.05817074780634901
9633.508182352134, 0.08292050313899885
18945.454545454526, 0.06604707347406401
