0.049752442996742675, 7.632430565305248e-05
0.08844182100771213, 0.00023950585141256794
0.15721752002554526, 0.000321373472450481
0.2794757991338439, 0.000370412330917031
0.49680673177397516, 0.0005265173201685629
0.88314240267271, 0.0004331026070068645
1.5699072768469753, 0.0008885839970003725
2.790726445065125, 0.00146192897376446
4.960900688878691, 0.0043361025956929235
8.818684356697224, 0.0036462271979827597
15.67642625005551, 0.007778350714732202
27.867007144529172, 0.010061040310699092
49.537443981563776, 0.013468995669156963
88.05963064133086, 0.017285096480725615
156.53812400118173, 0.025168999391392447
278.26807911125013, 0.0353672895981209
494.6598430659644, 0.055977162921276746
879.3260122524481, 0.09601255638225926
1563.1231171532206, 0.14978068391655786
2778.6666666666656, 0.2492765086075686
2170.895, 0.24530055182648358
1221.225, 0.15408552194450756
686.995, 0.08639348948943952
