0.049752442996742675, 0.0
0.09698766718464961, 0.0
0.18906825513143583, 0.00046095165142630463
0.3685706248650077, 0.0015242062348668473
0.718493463743802, 0.0038406267067774558
1.4006348379815703, 0.005769796753879278
2.7304047265030995, 0.007095459019050637
5.3226649575944345, 0.012115282479578932
10.376030328327078, 0.02297820415078612
20.227086662809775, 0.015368625520490262
39.43078633336856, 0.0167485273091712
76.86657682277351, 0.019587766842702286
149.8440985299668, 0.022071369374678827
292.10685309985183, 0.025897651978643552
569.4345954561186, 0.03595923694323826
1110.0587167375757, 0.053074798192064274
2163.9541475664228, 0.05984698048780407
4218.423297942482, 0.08950967496913848
8223.415981635382, 0.0893127131152865
16030.76923076922, 0.11664236870396084
12127.095000000001, 0.11937121418901336
6220.92, 0.08346405236793028
3191.185, 0.06713225622685386
