0.049752442996742675, 0.0
0.09784417363623014, 0.0
0.19242235632898547, 0.0001467584514638412
0.3784217479607675, 0.001065128287576386
0.7442119619658315, 0.0027652286149559024
1.4635824904821595, 0.0052618009628900885
2.878311309035784, 0.006960912649111562
5.66054598603048, 0.008826684644907495
11.132145699243216, 0.014671623172397718
21.892705787570634, 0.01213203974493282
43.054643700334545, 0.014440831869218669
84.67214432741248, 0.017066696667926585
166.5179736453483, 0.018483915090265833
327.4776582925857, 0.02141571339142152
644.0242715732287, 0.029796401165996307
1266.5513260903247, 0.046763443491012364
2490.8257847216196, 0.04828747236455479
4898.509015805662, 0.07210437231491504
9633.508182352134, 0.11414239158155959
18945.454545454526, 0.06833244727537593
14289.48, 0.10352441583196029
7266.01, 0.07794648878632475
3694.67, 0.053025764958750825
