0.049752442996742675, 0.0
0.09888304259236959, 0.0
0.19653017064839484, 0.0
0.3906039596122588, 2.3415228093590665e-05
0.7763258575587122, 9.366091237436266e-05
1.5429486114593782, 0.00028683654414648563
3.066612292280081, 0.00039220507056764365
6.094895760830652, 0.00045074314080162034
12.113612936629622, 0.0006907492287609246
24.075820840368547, 0.001317106580264475
47.85072398877556, 0.0039747349688870155
95.10337368895826, 0.005215742057847321
189.01807398239697, 0.008020963154699134
375.6736581066527, 0.012993088782562466
746.6518646697115, 0.020637342147639633
1483.9715135323304, 0.03543171654626763
2949.395236492963, 0.05918837497784866
5861.926716060148, 0.09247076023391813
11650.586669190781, 0.12949039264828735
23155.555555555577, 0.0847953216374269
17403.075, 0.10818713450292397
8756.26, 0.11403508771929823
4405.665, 0.07575757575757575
