0.049752442996742675, 0.0
0.08688938570366034, 0.0001467584514638412
0.15174662575772893, 0.0007337922573192055
0.26501555100632035, 0.0005537279234686651
0.4628323162013137, 0.0008945924214917097
0.8083063507286937, 0.0021202931380546143
1.411654142888658, 0.006052065701474324
2.4653615765089794, 0.01667636495768842
4.305592650682451, 0.0219583343039393
7.519435789966857, 0.03470438386883844
13.132202506540512, 0.05118953390554498
22.934532256116125, 0.028979394051969132
40.05365966180152, 0.03547967980532774
69.9510953346606, 0.04412461245460898
122.1650101347741, 0.05691183149555156
213.35319525489277, 0.08795013027308436
372.6073928635914, 0.0701153532282381
650.7344267834153, 0.12765449518847344
1136.4650898275754, 0.14044168141158103
1984.7619047619053, 0.24038069070579512
1560.615, 0.24325212770525997
893.6, 0.15948269531538453
511.67, 0.09146742755267302
