0.032624685741649714, 0.0
0.06529017107916388, 0.0
0.13066199237298565, 0.00017708982524641557
0.2614873872849529, 0.0005312694757392467
0.5233017839948965, 0.0009636067305436425
1.0472579957893804, 0.0023378837519364066
2.0958256655885705, 0.005261795000967334
4.19427231704151, 0.012279004368555278
8.393789883549509, 0.02795750208880496
16.79807682560655, 0.018575528840819328
33.61716089558051, 0.008109531937141203
67.27636255101726, 0.0072049235024660395
134.63685919684394, 0.010046712128151615
269.4420917992492, 0.013459000760162742
539.221140973087, 0.017584194746323653
1079.1166180856078, 0.024996104649958995
2159.582751757577, 0.039243695164273645
4321.866222357484, 0.060720845891198236
8649.137259849394, 0.08349996870381526
17309.090909090915, 0.08766159537450206
