0.032624685741649714, 1.9436912640796135e-05
0.06471863523113261, 4.859228160199034e-05
0.12838443194054205, 0.00017493221376716522
0.2546803143457947, 0.0003595828838547285
0.5052175060081426, 0.0006511365734666706
1.002216166698014, 0.003148779847808974
1.9881283463971526, 0.010039165378971203
3.9439139509898555, 0.018484503921397128
7.823668567977471, 0.03457826758797632
15.520062207796402, 0.026424482735162347
30.78764505947608, 0.013003294556692616
61.07443872435782, 0.012176427334022957
121.15532247723054, 0.014364969288686351
240.33969809873273, 0.019614607461436104
476.7695657204476, 0.030204962243797196
945.78307535314, 0.040194174757281556
1876.1802135435216, 0.06446601941747573
3721.83885018019, 0.09061488673139158
7383.131069561992, 0.06472491909385113
14646.153846153857, 0.043689320388349516
11014.64, 0.07281553398058252
5552.485000000001, 0.0412621359223301
2799.01, 0.07888349514563107
