0.032624685741649714, 7.261922875681021e-05
0.06471863523113261, 0.00016203567102317508
0.12838443194054205, 0.00043905030482467025
0.2546803143457947, 0.0007957505875435518
0.5052175060081426, 0.0015215233798718225
1.002216166698014, 0.0035460390510035937
1.9881283463971526, 0.007498216416861877
3.9439139509898555, 0.016431377716736462
7.823668567977471, 0.03481527064641291
15.520062207796402, 0.023258328389088787
30.78764505947608, 0.008307694333966097
61.07443872435782, 0.009036170709851155
121.15532247723054, 0.012191653495509608
240.33969809873273, 0.015770273433000297
476.7695657204476, 0.021810070319874236
945.78307535314, 0.02755674214563318
1876.1802135435216, 0.041305099577228915
3721.83885018019, 0.06235197751001415
7383.131069561992, 0.09875755826512604
14646.153846153857, 0.23918036089514724
11014.64, 0.1275752335574549
5552.485000000001, 0.08426247782345495
2799.01, 0.05389704426423105
