0.032624685741649714, 5.296301592597889e-06
0.0642330298408347, 3.177780955558733e-05
0.12646503801464457, 6.885192070377255e-05
0.24899036959140988, 0.0001482964445927409
0.4902240581471044, 0.00031777809555587333
0.9651763944950043, 0.0018854833669648483
1.900285098229178, 0.003892781670559448
3.7413714997052465, 0.0067104141178215265
7.366189795336967, 0.01164127090053016
14.502904110217672, 0.011355270614529872
28.55400600230487, 0.010714418121825529
56.21848235245804, 0.012825021687650935
110.68561650363584, 0.01844161437184693
217.92309553966962, 0.027336860670194005
429.0573343649582, 0.040644540644540636
844.7484453929864, 0.05537918871252204
1663.1808358434384, 0.08513708513708515
3274.5493736067488, 0.1341991341991342
6447.088235447714, 0.18835978835978834
12693.333333333345, 0.17724867724867724
9570.21, 0.22045855379188709
4860.82, 0.17082388510959937
2468.8650000000002, 0.10476190476190475
