0.032624685741649714, 0.0
0.06598339510420752, 7.261922875681021e-05
0.13345135226604632, 0.00016203567102317508
0.2699052298462399, 0.00043905030482467025
0.5458830642129531, 0.0007957505875435518
1.1040479651479211, 0.0016955942254889647
2.232935933091623, 0.004008415158810947
4.516110747619312, 0.00865278886109956
9.133829583961376, 0.01939486696762119
18.47316142829909, 0.011904302349981553
37.361950977849595, 0.007035681671439561
75.56450942570275, 0.006385205033467888
152.8291466399159, 0.007469658395641792
309.09680007451067, 0.009669475792513567
625.1479767887977, 0.013233014728941495
1264.3611735511956, 0.01700197243081071
2557.1692407857486, 0.026882200667329683
5171.872296311054, 0.04714360684443581
10460.106676838775, 0.07532835980832042
21155.555555555566, 0.17222201903449516
15807.835000000001, 0.11917982077524768
7815.99, 0.06416312041716742
3864.52, 0.034740408415881906
