0.032624685741649714, 0.00019339483893731022
0.059016100903612236, 0.0005127809735278158
0.10675658896597308, 0.001020761810781724
0.1931162701897872, 0.0024515949814256656
0.3493357569142801, 0.0046044975321440215
0.6319274442228056, 0.008976434700986049
1.1431188673307071, 0.0
2.0678335096753826, 0.024487524791033454
3.7405868680316092, 0.04586580749529074
6.76649742439228, 0.07242271317064336
12.240188240408605, 0.06784009478988456
22.141766820238328, 0.033738436798132154
40.053128946441845, 0.03639433564582522
72.45370938212372, 0.04366893927102396
131.0644172206574, 0.046703961457059004
237.08767443214987, 0.06912608737582092
428.8773914357711, 0.07633528374104252
775.8134931531014, 0.06282802581362619
1403.4001049657973, 0.16380648200444997
2538.6666666666665, 0.0
1971.035, 0.20144168855579053
1089.605, 0.11122756541154952
602.345, 0.07239681439293427
