0.032624685741649714, 1.9436912640796135e-05
0.0642330298408347, 9.718456320398068e-05
0.12646503801464457, 0.0002138060390487575
0.24899036959140988, 0.000437330534417913
0.4902240581471044, 0.0009329718067582145
0.9651763944950043, 0.005005005005005005
1.900285098229178, 0.011934264361448827
3.7413714997052465, 0.021827652895614058
7.366189795336967, 0.03878635917470869
14.502904110217672, 0.03022439915643799
28.55400600230487, 0.015316287160947354
56.21848235245804, 0.013351307166109765
110.68561650363584, 0.01597426055543012
217.92309553966962, 0.021202990737640887
429.0573343649582, 0.03232568402471315
844.7484453929864, 0.037540453074433655
1663.1808358434384, 0.06134157105030891
3274.5493736067488, 0.08561341571050307
6447.088235447714, 0.06990291262135923
12693.333333333345, 0.043689320388349516
9570.21, 0.12944983818770228
4860.82, 0.10818307905686546
2468.8650000000002, 0.07249190938511327
