0.032624685741649714, 0.0
0.06598339510420752, 0.00013812521651313347
0.13345135226604632, 0.0002918774583842329
0.2699052298462399, 0.0008302315182823031
0.5458830642129531, 0.0016960864251722955
1.1040479651479211, 0.0036070532101358846
2.232935933091623, 0.009407254881503058
4.516110747619312, 0.024375694126558115
9.133829583961376, 0.05024256944008441
18.47316142829909, 0.02541841396056106
37.361950977849595, 0.018933503487429545
75.56450942570275, 0.01957570686823462
152.8291466399159, 0.016324526611686267
309.09680007451067, 0.01689188232454065
625.1479767887977, 0.020878176202316266
1264.3611735511956, 0.02490763907843484
2557.1692407857486, 0.03832637063631401
5171.872296311054, 0.06874226063773982
10460.106676838775, 0.06124660794956898
21155.555555555566, 0.14119455895387367
15807.835000000001, 0.08020733806727331
7815.99, 0.0515203850928994
3864.52, 0.05034377886323538
