0.032624685741649714, 3.887382528159227e-05
0.059016100903612236, 9.718456320398068e-05
0.10675658896597308, 0.0003401459712139324
0.1931162701897872, 0.0011079040205253796
0.3493357569142801, 0.0020797496525651864
0.6319274442228056, 0.00367357648911047
1.1431188673307071, 0.0
2.0678335096753826, 0.009572679475592098
3.7405868680316092, 0.017677872046804086
6.76649742439228, 0.02777206833597311
12.240188240408605, 0.027508090614886727
22.141766820238328, 0.015692490588468395
40.053128946441845, 0.02049622437971952
72.45370938212372, 0.024336569579288023
131.0644172206574, 0.0317309969216197
237.08767443214987, 0.04942630185348631
428.8773914357711, 0.05663430420711975
775.8134931531014, 0.03744798890429958
1403.4001049657973, 0.13592233009708737
2538.6666666666665, 0.0
1971.035, 0.10194174757281553
1089.605, 0.06796116504854369
602.345, 0.05717367853290184
