0.032624685741649714, 0.0
0.06529017107916388, 0.0
0.13066199237298565, 2.1185206370391555e-05
0.2614873872849529, 6.355561911117466e-05
0.5233017839948965, 0.000143000143000143
1.0472579957893804, 0.0005402227624449846
2.0958256655885705, 0.0022403355736689066
4.19427231704151, 0.004327078401152475
8.393789883549509, 0.008182785960563738
16.79807682560655, 0.007287710991414695
33.61716089558051, 0.005921265180524439
67.27636255101726, 0.007824172367696784
134.63685919684394, 0.011099853653045142
269.4420917992492, 0.015624293402071181
539.221140973087, 0.020666576222131774
1079.1166180856078, 0.028370735267286996
2159.582751757577, 0.04006046863189719
4321.866222357484, 0.05933484504913075
8649.137259849394, 0.06701940035273368
17309.090909090915, 0.015873015873015872
