0.032624685741649714, 0.00013812521651313347
0.06471863523113261, 0.0002918774583842329
0.12838443194054205, 0.0008302315182823031
0.2546803143457947, 0.0016960864251722955
0.5052175060081426, 0.0032284589025819883
1.002216166698014, 0.008170846696498308
1.9881283463971526, 0.020987190373962697
3.9439139509898555, 0.04287939760254016
7.823668567977471, 0.08589328390626491
15.520062207796402, 0.06180514168807261
30.78764505947608, 0.02692930410295814
61.07443872435782, 0.022186645531526234
121.15532247723054, 0.021800247520414495
240.33969809873273, 0.02505880873770199
476.7695657204476, 0.03043334881108768
945.78307535314, 0.038566059390872875
1876.1802135435216, 0.05608121979996557
3721.83885018019, 0.09151340240891725
7383.131069561992, 0.08448399664858651
14646.153846153857, 0.14119455895387367
11014.64, 0.11358600928929696
5552.485000000001, 0.06130743174910238
2799.01, 0.06910552658984435
