0.032624685741649714, 0.00013812521651313347
0.0642330298408347, 0.0004733197532245223
0.12646503801464457, 0.001012120187134714
0.24899036959140988, 0.0020720605831939408
0.4902240581471044, 0.004007069333855541
0.9651763944950043, 0.010736805222369463
1.900285098229178, 0.025581037324132205
3.7413714997052465, 0.05158441083318514
7.366189795336967, 0.09830441998763174
14.502904110217672, 0.0730114824603388
28.55400600230487, 0.03211296802510435
56.21848235245804, 0.02444170381543959
110.68561650363584, 0.024795477432159197
217.92309553966962, 0.02915142906275475
429.0573343649582, 0.03380496739107461
844.7484453929864, 0.039779944402142976
1663.1808358434384, 0.057254279753669375
3274.5493736067488, 0.10277794618188624
6447.088235447714, 0.099352223731775
12693.333333333345, 0.14119455895387367
9570.21, 0.16245825757943216
4860.82, 0.10045669327174381
2468.8650000000002, 0.0766655669635523
