0.032624685741649714, 0.00019339483893731022
0.057980180594573556, 0.0
0.10304164669662122, 0.0014067276692398976
0.1831243167073719, 0.002643062798809904
0.3254462292152156, 0.004065800730538566
0.5783789395902706, 0.007394423380547686
1.0278877668001754, 0.013104832956962648
1.826749192987429, 0.019469830333581004
3.24647565800727, 0.0379645273581646
5.769595650291479, 0.02788518661313869
10.253652722070647, 0.03547897549305604
18.222662473671836, 0.041654278147950856
32.38508623513336, 0.039732404318060896
57.55436736933062, 0.04219138200014509
102.28489679580537, 0.04224531471529386
181.77943031485057, 0.07367774318409387
323.05611405717053, 0.07037693549602674
574.1312570347153, 0.08122912878971611
1020.3388388616885, 0.12074277091377109
1813.3333333333328, 0.0
1416.835, 0.19393188694600175
797.235, 0.10072084427789527
448.595, 0.10432658883658956
