0.032624685741649714, 3.887382528159227e-05
0.057980180594573556, 0.0
0.10304164669662122, 0.0006511365734666704
0.1831243167073719, 0.001137059389486574
0.3254462292152156, 0.00171044831239006
0.5783789395902706, 0.003071032197245789
1.0278877668001754, 0.005160500306131374
1.826749192987429, 0.007123628482851784
3.24647565800727, 0.01449021837371352
5.769595650291479, 0.011400411885848779
10.253652722070647, 0.015492110014916387
18.222662473671836, 0.019044062733383122
32.38508623513336, 0.019002572400630656
57.55436736933062, 0.021182700794351278
102.28489679580537, 0.025452637103122542
181.77943031485057, 0.047087378640776695
323.05611405717053, 0.04677846425419241
574.1312570347153, 0.06472491909385113
1020.3388388616885, 0.0517799352750809
1813.3333333333328, 0.0
1416.835, 0.09223300970873786
797.235, 0.050970873786407765
448.595, 0.061893203883495146
