0.032624685741649714, 0.0
0.06529017107916388, 0.00013812521651313347
0.13066199237298565, 0.0004733197532245223
0.2614873872849529, 0.0011976198478302923
0.5233017839948965, 0.002411430835771044
1.0472579957893804, 0.005660681715274659
2.0958256655885705, 0.0155104979658303
4.19427231704151, 0.03359033122007745
8.393789883549509, 0.06960640113221207
16.79807682560655, 0.04561830146217353
33.61716089558051, 0.02117084014349335
67.27636255101726, 0.0192225222980459
134.63685919684394, 0.020258037444822196
269.4420917992492, 0.02151080696476287
539.221140973087, 0.025078289272999803
1079.1166180856078, 0.03043314204898104
2159.582751757577, 0.047945592281396957
4321.866222357484, 0.07640262959288045
8649.137259849394, 0.07946944438711115
17309.090909090915, 0.14119455895387367
12979.115, 0.0905570781853283
6485.504999999999, 0.057102395977847005
3240.725, 0.05938018962037921
