0.032624685741649714, 1.5888904777793666e-05
0.06062430361890304, 1.0592603185195777e-05
0.11265414840716545, 6.355561911117466e-05
0.20933778032522482, 0.00025951877803729657
0.3889986022805417, 0.0008156304452600748
0.7228504684683584, 0.001366445810890255
1.343225391303835, 0.0024257061294098332
2.4960272290704313, 0.0051956718623385285
4.638202917094624, 0.003040077114151188
8.618866833498814, 0.008569415976823385
16.015872272383877, 0.011063011063011063
29.761240033126946, 0.013749979267220647
55.30335115350926, 0.018549280177187155
102.766573079751, 0.02835288704853922
190.96435066368792, 0.040708346830795814
354.8564687089816, 0.05514855514855515
659.406391543597, 0.07596371882086166
1225.331443979232, 0.11791383219954646
2276.9526757081203, 0.15079365079365079
4231.111111111113, 0.1693121693121693
3254.0299999999997, 0.12169312169312169
1751.1399999999999, 0.13968253968253969
942.3699999999999, 0.11587301587301586
