0.032624685741649714, 1.0592603185195777e-05
0.057980180594573556, 0.0
0.10304164669662122, 0.00023303727007430706
0.1831243167073719, 0.000381333714667048
0.3254462292152156, 0.000529630159259789
0.5783789395902706, 0.0009109638739268369
1.0278877668001754, 0.0015941867793719644
1.826749192987429, 0.0021661873513725365
3.24647565800727, 0.0043588562107080625
5.769595650291479, 0.004593554593554593
10.253652722070647, 0.007601363396511646
18.222662473671836, 0.012057387057387056
32.38508623513336, 0.017365350698684032
57.55436736933062, 0.02421035754369088
102.28489679580537, 0.028743028743028746
181.77943031485057, 0.03994708994708995
323.05611405717053, 0.05723905723905725
574.1312570347153, 0.0837742504409171
1020.3388388616885, 0.1199294532627866
1813.3333333333328, 0.11904761904761904
1416.835, 0.082010582010582
797.235, 0.11904761904761904
448.595, 0.07473544973544974
