0.032624685741649714, 0.0
0.06598339510420752, 1.9436912640796135e-05
0.13345135226604632, 4.859228160199034e-05
0.2699052298462399, 0.00017493221376716522
0.5458830642129531, 0.0003595828838547285
1.1040479651479211, 0.0007483211366706512
2.232935933091623, 0.004033159372965198
4.516110747619312, 0.01147749691439012
9.133829583961376, 0.021351448535914558
18.47316142829909, 0.011292846244302558
37.361950977849595, 0.008931261358445824
75.56450942570275, 0.010466777457068718
152.8291466399159, 0.010803120554070322
309.09680007451067, 0.013928548765784629
625.1479767887977, 0.02110032362459547
1264.3611735511956, 0.02832823513765128
2557.1692407857486, 0.04466019417475728
5171.872296311054, 0.06978155339805825
10460.106676838775, 0.03467406380027739
21155.555555555566, 0.043689320388349516
15807.835000000001, 0.02912621359223301
7815.99, 0.043689320388349516
3864.52, 0.04938792739552554
