0.032624685741649714, 0.0
0.06740663059703102, 0.0
0.13927042499122144, 0.0
0.28774990094356917, 7.261922875681021e-05
0.59452683868993, 0.00016203567102317508
1.2283658856652728, 0.0005255895569667139
2.5379556495567637, 0.0009764748601716226
5.243729864435776, 0.002060758213348557
10.834193614052223, 0.004888156415883915
22.384782264026864, 0.0023173846422301072
46.24972516256126, 0.0026198871993823617
95.55764502788846, 0.0036078661466507705
197.4338980649254, 0.0034436388412549535
407.9228207615934, 0.0028858438206137275
842.8189349904598, 0.0039417279787558185
1741.3680260698297, 0.005502682213715634
3597.881438499781, 0.009116767556769247
7433.667468166871, 0.016334227350698644
15358.875208051411, 0.03304043464506947
31733.333333333354, 0.05116158625876644
23546.105, 0.034835128108247654
11396.275, 0.02248244935446554
5515.775, 0.01276133245865304
