0.032624685741649714, 0.00012510936132977118
0.06062430361890304, 0.00010242559811564853
0.11265414840716545, 0.0004069545251558129
0.20933778032522482, 0.0009044433302001699
0.3889986022805417, 0.0019490245938989924
0.7228504684683584, 0.003910091276107097
1.343225391303835, 0.007777661717063842
2.4960272290704313, 0.013252832514045217
4.638202917094624, 0.007233266720477713
8.618866833498814, 0.01577698283344479
16.015872272383877, 0.013949474669835472
29.761240033126946, 0.012054636277653148
55.30335115350926, 0.01588642372420031
102.766573079751, 0.022010987853182017
190.96435066368792, 0.02692572926207893
354.8564687089816, 0.03980393233343251
659.406391543597, 0.05528882240470117
1225.331443979232, 0.09132440165806018
2276.9526757081203, 0.13016840846711686
4231.111111111113, 0.23662094999997776
3254.0299999999997, 0.21456314916393243
1751.1399999999999, 0.12666626884609525
942.3699999999999, 0.07462005887963911
