0.032624685741649714, 0.0
0.06529017107916388, 7.261922875681021e-05
0.13066199237298565, 0.00027057829839246227
0.2614873872849529, 0.0006170134527844543
0.5233017839948965, 0.0010797702950654153
1.0472579957893804, 0.002541805439321624
2.0958256655885705, 0.005536978725016393
4.19427231704151, 0.012491632426426156
8.393789883549509, 0.028126124175122443
16.79807682560655, 0.018711487982128332
33.61716089558051, 0.008226580078752615
67.27636255101726, 0.007217811626184486
134.63685919684394, 0.01008911957337339
269.4420917992492, 0.013564230472681406
539.221140973087, 0.017572909961156378
1079.1166180856078, 0.02303660155582129
2159.582751757577, 0.034561390620844755
4321.866222357484, 0.054303537482213365
8649.137259849394, 0.08551518816508401
17309.090909090915, 0.2283116297395917
12979.115, 0.12596037944039593
6485.504999999999, 0.07361540666665974
3240.725, 0.046647464843920926
