0.032624685741649714, 0.0
0.06598339510420752, 5.296301592597889e-06
0.13345135226604632, 1.5888904777793666e-05
0.2699052298462399, 5.825931751857678e-05
0.5458830642129531, 0.00011651863503715356
1.1040479651479211, 0.00025951877803729657
2.232935933091623, 0.0015571126682237795
4.516110747619312, 0.0037656704323370993
9.133829583961376, 0.006578006578006579
18.47316142829909, 0.004787856639708492
37.361950977849595, 0.004798449242893688
75.56450942570275, 0.007579007579007579
152.8291466399159, 0.009721476710204567
309.09680007451067, 0.014524328249818443
625.1479767887977, 0.02148148148148148
1264.3611735511956, 0.03000652315720809
2557.1692407857486, 0.047921390778533635
5171.872296311054, 0.08498677248677249
10460.106676838775, 0.0801209372637944
21155.555555555566, 0.06878306878306878
15807.835000000001, 0.0873015873015873
7815.99, 0.10317460317460317
3864.52, 0.06280193236714976
