0.032624685741649714, 1.0592603185195777e-05
0.059016100903612236, 3.177780955558733e-05
0.10675658896597308, 0.00012181493662975146
0.1931162701897872, 0.0003866300162596458
0.3493357569142801, 0.0006567413974821382
0.6319274442228056, 0.0010751492232973715
1.1431188673307071, 0.0
2.0678335096753826, 0.0029288547807066324
3.7405868680316092, 0.005423412830820238
6.76649742439228, 0.008361501512186445
12.240188240408605, 0.010725010725010723
22.141766820238328, 0.013324694957348017
40.053128946441845, 0.01810699588477366
72.45370938212372, 0.025044091710758377
131.0644172206574, 0.032391276293715326
237.08767443214987, 0.04930254930254931
428.8773914357711, 0.06657848324514991
775.8134931531014, 0.07860922146636432
1403.4001049657973, 0.19753086419753083
2538.6666666666665, 0.15343915343915343
1971.035, 0.10317460317460317
1089.605, 0.16005291005291006
602.345, 0.09582598471487361
