0.032624685741649714, 0.0
0.06529017107916388, 5.296301592597889e-06
0.13066199237298565, 3.177780955558733e-05
0.2614873872849529, 7.944452388896833e-05
0.5233017839948965, 0.00016418534937053455
1.0472579957893804, 0.0006567413974821382
2.0958256655885705, 0.0026163729867433577
4.19427231704151, 0.004740189925375111
8.393789883549509, 0.008617082691156764
16.79807682560655, 0.00794974869048943
33.61716089558051, 0.006758080832154906
67.27636255101726, 0.008868893157640502
134.63685919684394, 0.01318248339524935
269.4420917992492, 0.01978474200696423
539.221140973087, 0.02862569529236196
1079.1166180856078, 0.039591315453384415
2159.582751757577, 0.06103552532123959
4321.866222357484, 0.09977324263038545
8649.137259849394, 0.13403880070546736
17309.090909090915, 0.14814814814814814
12979.115, 0.10449735449735449
6485.504999999999, 0.11934156378600824
3240.725, 0.08318636096413874
