0.032624685741649714, 4.859228160199034e-05
0.06062430361890304, 3.887382528159227e-05
0.11265414840716545, 0.00019436912640796136
0.20933778032522482, 0.0006219812045054763
0.3889986022805417, 0.002400458711138323
0.7228504684683584, 0.004392742256819927
1.343225391303835, 0.008008008008008008
2.4960272290704313, 0.016268695880346365
4.638202917094624, 0.0076775804931144736
8.618866833498814, 0.02498615119974343
16.015872272383877, 0.023307508744401947
29.761240033126946, 0.014821803573059015
55.30335115350926, 0.016764506660645745
102.766573079751, 0.028704094554664415
190.96435066368792, 0.03705171388943927
354.8564687089816, 0.05265123226288275
659.406391543597, 0.04993065187239944
1225.331443979232, 0.08599167822468792
2276.9526757081203, 0.05825242718446602
4231.111111111113, 0.0
3254.0299999999997, 0.06310679611650485
1751.1399999999999, 0.046601941747572824
942.3699999999999, 0.08834951456310682
