0.032624685741649714, 5.296301592597889e-06
0.06529017107916388, 1.0592603185195777e-05
0.13066199237298565, 3.7074111148185224e-05
0.2614873872849529, 8.474082548156622e-05
0.5233017839948965, 0.00016948165096313244
1.0472579957893804, 0.0006620376990747361
2.0958256655885705, 0.0026216692883359555
4.19427231704151, 0.004745486226967709
8.393789883549509, 0.008622378992749362
16.79807682560655, 0.00792856348411904
33.61716089558051, 0.0067051178162289265
67.27636255101726, 0.008874509936081063
134.63685919684394, 0.01320499831138129
269.4420917992492, 0.019807353140686473
539.221140973087, 0.029032695699362367
1079.1166180856078, 0.04497354497354497
2159.582751757577, 0.07426303854875282
4321.866222357484, 0.127739984882842
8649.137259849394, 0.21428571428571427
17309.090909090915, 0.1746031746031746
