0.032624685741649714, 7.261922875681021e-05
0.06529017107916388, 0.00010242559811564853
0.13066199237298565, 0.0002979140221793272
0.2614873872849529, 0.0006538734239528204
0.5233017839948965, 0.001110431236315742
1.0472579957893804, 0.002553959882433734
2.0958256655885705, 0.005540695984367476
4.19427231704151, 0.012492380178203599
8.393789883549509, 0.028125726240713862
16.79807682560655, 0.01864015719935715
33.61716089558051, 0.008242835478651244
67.27636255101726, 0.007203872537764903
134.63685919684394, 0.010045337095737975
269.4420917992492, 0.013441629616364293
539.221140973087, 0.01755404703131774
1079.1166180856078, 0.024926092081953267
2159.582751757577, 0.03921001466165665
4321.866222357484, 0.0604875253930236
8649.137259849394, 0.0911835340720322
17309.090909090915, 0.23835964155049535
