5.774651850315086, 0.00034447039111756963
12.239636948614045, 0.0005564035953383588
25.942466579297598, 0.0008083000387432321
54.98623652347638, 0.0012257246400509448
116.54582642609881, 0.002674475604704813
247.02417397748485, 0.005598739448255105
523.578959457221, 0.0032671001702763913
1109.7493916174055, 0.0019291549041962409
2352.1642532616443, 0.00360025133267229
4985.518997454284, 0.005835752455371785
10567.034015380383, 0.009913235558074166
22397.30867322397, 0.013651724411296813
47472.11327923574, 0.02133521623035755
100619.30083103133, 0.023777791767550065
213267.17941065237, 0.03195755499130144
452029.47583738645, 0.03560607604525429
958097.0104751913, 0.0400633743161732
2030730.1416151966, 0.05242099617431889
4304224.794542618, 0.051035970823307755
9123000.000000002, 0.051721111614595146
