5.774651850315086, 0.0001191094941094941
12.239636948614045, 0.00015099233849233848
25.942466579297598, 0.00016482828982828981
54.98623652347638, 0.0001828751828751829
116.54582642609881, 0.0003699613074613075
247.02417397748485, 0.0008782821282821284
523.578959457221, 0.000954079079079079
1109.7493916174055, 0.0009336259336259337
2352.1642532616443, 0.002160814660814661
4985.518997454284, 0.003982949295449296
10567.034015380383, 0.008858618233618233
22397.30867322397, 0.012920973858473859
47472.11327923574, 0.019585533154612103
100619.30083103133, 0.027943803741575644
213267.17941065237, 0.04425542406311637
452029.47583738645, 0.056062302423603785
958097.0104751913, 0.07105486425339366
2030730.1416151966, 0.09783653846153847
4304224.794542618, 0.14259958791208788
9123000.000000002, 0.3019831730769231
