5.774651850315086, 0.00025557472365983003
10.869267899944758, 0.0016718846506080546
20.45854672162156, 0.0022895235661193106
38.507849637499454, 0.0037271313867058547
72.48092955386298, 0.008870572700359933
136.426344198564, 0.019700551615445237
256.7868197324064, 0.028059974868485507
483.3338544373121, 0.01851851851851852
909.7492429271559, 0.02614316444103678
1712.3643986619977, 0.03782505910165485
3223.076970496415, 0.06022097557638366
6066.597253400894, 0.06898774983881366
11418.778568388598, 0.07848024316109423
21492.85646427172, 0.10352322123083962
40454.66651508738, 0.09769865392965696
76145.30183865833, 0.0867430441898527
143323.5641662753, 0.06990881458966564
269769.02775760763, 0.019756838905775075
507769.4568972289, 0.010638297872340425
955742.8571428575, 0.0
731756.16, 0.0
388769.245, 0.010638297872340425
206546.295, 0.11111111111111112
