5.774651850315086, 5.594536844536845e-05
12.239636948614045, 8.782821282821282e-05
25.942466579297598, 0.00010166416416416416
54.98623652347638, 0.0001203126203126203
116.54582642609881, 0.00030679718179718184
247.02417397748485, 0.0008193289443289444
523.5789594572209, 0.0008909149534149535
1109.7493916174055, 0.0008722664972664972
2352.1642532616443, 0.002094041156541157
4985.518997454284, 0.0039077539077539076
10567.034015380383, 0.008771993146993147
22397.30867322397, 0.012835551898051899
47472.11327923574, 0.019488934784987418
100619.30083103132, 0.027535295142923542
213267.17941065237, 0.043057353303747534
452029.47583738645, 0.05347734457323498
958097.0104751913, 0.05977799773755656
2030730.1416151966, 0.06754807692307693
4304224.794542618, 0.043870192307692304
9123000.0, 0.018429487179487176
6713612.395, 0.030799278846153848
3167477.465, 0.06296741452991453
1494413.575, 0.06931089743589744
