5.774651850315086, 5.414067914067914e-06
11.364949031274989, 4.632035882035882e-05
22.367074211829895, 0.00017024235774235774
44.02008380510797, 0.0003458987833987834
86.63483475115615, 0.000509523947023947
170.5038687702181, 0.0006593131593131594
335.5644337420961, 0.0016759548009548009
660.4160363329067, 0.002470018095018095
1299.748415473844, 0.004826340763840763
2558.002608336409, 0.0067832255332255335
5034.341466667902, 0.008001959762125423
9907.962533116704, 0.013657029112192156
19499.61523420836, 0.016904089344507635
38376.708935995775, 0.02836076183431953
75528.24868946339, 0.04023710664335664
148645.2723085594, 0.057255244755244745
292545.07238121954, 0.07660492081447964
575750.6985952416, 0.10314002403846154
1133120.6649105349, 0.11643629807692307
2230066.666666667, 0.08323317307692307
1681593.665, 0.17037259615384615
854435.6799999999, 0.1268028846153846
434147.885, 0.0983937937062937
