5.774651850315086, 0.00023313888249110241
11.063466939107268, 0.0003853193632878963
21.196135089259272, 0.0010256294524297435
40.6089831691024, 0.0014027542189402606
77.80142498073086, 0.0019121963248067825
149.05720992388217, 0.0044827897471651735
285.57384181324494, 0.006666850233598569
547.1215996168307, 0.006746773030924925
1048.2124093250775, 0.008934856746418592
2008.2359311578593, 0.009624760499466114
3847.5136521139334, 0.0138467288875956
7371.325785744769, 0.018858498980593073
14122.482400999876, 0.01908701681988142
27056.802936624023, 0.02978674679538199
51837.24534855671, 0.04394531994993579
99313.28589044855, 0.054888950250846176
190271.0818840331, 0.06716636566903156
364534.1534792805, 0.10119589842495323
698399.0827037345, 0.1369978132510431
1338040.000000001, 0.18784807089322042
1018219.54, 0.2319983979119054
531466.615, 0.12169612119316515
277402.615, 0.08347466096213918
