5.774651850315086, 7.7000077000077e-05
12.132493849317536, 9.143759143759145e-05
25.490265182947134, 0.00010707823207823207
53.55482781749078, 0.00012993762993762994
112.5182324301532, 0.0006893913143913144
236.39983816867297, 0.001397431084931085
496.67402588167977, 0.000888508701008701
1043.5078547283276, 0.0013396810271810273
2192.4010238842666, 0.0024369321244321245
4606.215686589309, 0.005143364518364519
9677.619523179654, 0.010985143797643798
20332.595346783724, 0.01429253773003773
42718.60787106253, 0.023603353099200627
89751.42756334208, 0.03327043700027572
188566.97704127448, 0.05446441579254079
396177.5962325475, 0.06296741452991453
832365.7207605547, 0.0759698275862069
1748793.2171978757, 0.08559409340659338
3674199.5017801393, 0.06840945512820512
7719461.538461542, 0.036057692307692304
5696830.52, 0.040865384615384616
2711496.36, 0.07578792735042736
1290579.47, 0.08375506072874493
