5.774651850315086, 8.301570801570801e-05
12.04145972305786, 9.685165935165934e-05
25.109176452622535, 0.0001118907368907369
52.35833168313165, 0.00014076576576576576
109.17900480780213, 0.0007381179256179258
227.6630042943553, 0.0014413451913451913
474.7290343557678, 0.001011829136829137
989.917781147139, 0.0015724859474859473
2064.2032454600153, 0.0031010577885577885
4304.3322584124035, 0.006378975128975128
8975.509670163681, 0.011803269615769616
18715.97474422552, 0.01516119484869485
39027.05511987933, 0.027204616881173295
81380.26750650689, 0.03818548702313946
169696.32781893288, 0.05911322522816166
353855.3577859429, 0.07578554258241757
737868.7320059257, 0.08722845441595442
1538623.7729411067, 0.09559911242603551
3208379.772678197, 0.0776241987179487
6690200.000000004, 0.052584134615384616
4949289.885, 0.050180288461538464
2373501.77, 0.09622896634615384
1138246.25, 0.09438631221719457
