5.774651850315086, 0.0013297119484410335
10.869267899944758, 0.004047398383491414
20.45854672162156, 0.005815972781053394
38.507849637499454, 0.010222234618163536
72.48092955386298, 0.021616336467283826
136.426344198564, 0.042288328749013046
256.7868197324064, 0.055680842018482966
483.3338544373121, 0.02425574132551993
909.7492429271559, 0.035808690486314146
1712.3643986619977, 0.05372726215290357
3223.076970496415, 0.08363833468900002
6066.597253400894, 0.08041812067196147
11418.778568388598, 0.08469167304844441
21492.85646427172, 0.09917190384657903
40454.66651508738, 0.09241974159614733
76145.30183865833, 0.07183152978274449
143323.5641662753, 0.05608705801594508
269769.02775760763, 0.04931605088020653
507769.4568972289, 0.05859117603495853
955742.8571428575, 0.0
731756.16, 0.0
388769.245, 0.044883027893040404
206546.295, 0.10250346755876502
