5.774651850315086, 0.0
12.63639951925769, 0.0007108520975562216
27.65163977835017, 0.001405338247722073
60.50878505909671, 0.002833760582791833
132.40853340620296, 0.004575083017540602
289.74337696019984, 0.007643963567519906
634.0318281054799, 0.0011747192991688911
1387.4220811128218, 0.0028772658185081774
3036.030599459422, 0.0036176339075392927
6643.603216593461, 0.004839591937190004
14537.884996083338, 0.006941773912174495
31812.571170936866, 0.012073938200762182
69613.95586624724, 0.00829852959939377
152332.95118802285, 0.008754703775761036
333343.04492389516, 0.006611976319350978
729438.9344691616, 0.006791026509022282
1596196.9725241547, 0.009320136475357666
3492882.8921771683, 0.00801557682625227
7643311.639146305, 0.006034825257192086
16725500.000000006, 0.0
12184405.82, 0.0
5568097.265, 0.005344625676221645
2544539.93, 0.009221095623993637
