5.774651850315086, 0.0004933228239292946
12.132493849317536, 0.0006666839187562579
25.490265182947134, 0.0009922275966489276
53.55482781749078, 0.0015441992411745179
112.5182324301532, 0.003856829863718444
236.39983816867297, 0.007292436609118818
496.67402588167977, 0.0038381456513234768
1043.5078547283276, 0.002845103675186399
2192.4010238842666, 0.004442779643849765
4606.215686589309, 0.007273510680284448
9677.619523179654, 0.012068074417963
20332.595346783724, 0.01604404261595017
42718.60787106253, 0.02612543442955766
89751.42756334208, 0.028449108112272282
188566.97704127448, 0.04203889546123849
396177.5962325475, 0.041127504165750776
832365.7207605547, 0.049718978904821236
1748793.2171978757, 0.06650610856820667
3674199.5017801393, 0.09447353039231986
7719461.538461542, 0.12933943319533273
5696830.52, 0.09445616684802163
2711496.36, 0.07926436851076103
1290579.47, 0.05821982970348404
