5.774651850315086, 0.001499082771109186
11.063466939107268, 0.0022605885694776196
21.196135089259272, 0.0073513838001356266
40.6089831691024, 0.012160728931429865
77.80142498073086, 0.016286511937561934
149.05720992388217, 0.04428138893474881
285.57384181324494, 0.06470158911873002
547.1215996168307, 0.03254817104836758
1048.2124093250775, 0.03329106891461625
2008.2359311578593, 0.04648338962541455
3847.5136521139334, 0.07576059127425425
7371.325785744769, 0.09337091217925089
14122.482400999876, 0.05456538078308602
27056.802936624023, 0.07440492465868509
51837.24534855671, 0.07000250927746539
99313.28589044855, 0.0663535303821162
190271.0818840331, 0.037157977013985065
364534.1534792805, 0.028835358603359083
698399.0827037345, 0.03607622331449611
1338040.000000001, 0.0
1018219.54, 0.0
531466.615, 0.04888989486415343
277402.615, 0.06944291029943654
