5.774651850315086, 0.0012885225651183096
12.132493849317536, 0.001661235703788895
25.490265182947134, 0.002204331991566034
53.55482781749078, 0.0030136519498221628
112.5182324301532, 0.01282133197026814
236.39983816867297, 0.026345494430600813
496.67402588167977, 0.011958767277916213
1043.5078547283276, 0.006836623857900453
2192.4010238842666, 0.009882222648180094
4606.215686589309, 0.01781568802845399
9677.619523179654, 0.035290609758694864
20332.595346783724, 0.056577854450194885
42718.60787106253, 0.06836057849142775
89751.42756334208, 0.045756119881034084
188566.97704127448, 0.0725338491295938
396177.5962325475, 0.029888551165146906
832365.7207605547, 0.03411592076302274
1748793.2171978757, 0.02507598784194529
3674199.5017801393, 0.0
7719461.538461542, 0.0
5696830.52, 0.0
2711496.36, 0.010638297872340425
1290579.47, 0.029115341545352738
