5.774651850315086, 0.0
12.63639951925769, 0.00018973475694287627
27.65163977835017, 0.00031458241856559873
60.50878505909671, 0.0005749958390197284
132.40853340620296, 0.0008036826752713125
289.74337696019984, 0.0011615594685860933
634.0318281054799, 0.00028172106294207497
1387.4220811128218, 0.0006028598770220643
3036.030599459422, 0.0010957303049786483
6643.603216593461, 0.0013575438672913463
14537.884996083338, 0.0025559502993766914
31812.571170936866, 0.004656284894697352
69613.95586624724, 0.0066000823225585
152332.95118802285, 0.006081555037539896
333343.04492389516, 0.006480190737012415
729438.9344691616, 0.007222941438853073
1596196.9725241547, 0.009562470378397577
3492882.8921771683, 0.014330947372928398
7643311.639146305, 0.018584507773023142
16725500.000000006, 0.012253574822177697
12184405.82, 0.018694184107722313
5568097.265, 0.016358524327429985
2544539.93, 0.012685773585482715
