5.774651850315086, 0.00013652036895771174
11.364949031274989, 0.0003482790606092895
22.367074211829895, 0.0009682421148103211
44.02008380510797, 0.0018042977448927344
86.63483475115615, 0.0026440607642995544
170.5038687702181, 0.002864046917451779
335.5644337420961, 0.005512253048789551
660.4160363329067, 0.0054310783942235095
1299.748415473844, 0.007815987472352277
2558.002608336409, 0.009744225110707855
5034.341466667902, 0.013053566302802569
9907.962533116704, 0.021964679109653443
19499.61523420836, 0.019423820130142554
38376.708935995775, 0.03467690251796905
75528.24868946339, 0.0522356679041289
148645.2723085594, 0.046520462915570764
292545.07238121954, 0.06385689893136273
575750.6985952416, 0.09274855630225878
1133120.6649105349, 0.1445171154680955
2230066.666666667, 0.18624936359088184
1681593.665, 0.23697990749580755
854435.6799999999, 0.12423949263475176
434147.885, 0.08132745931438004
