5.774651850315086, 0.0014163099269482247
12.04145972305786, 0.0018529167465337678
25.109176452622535, 0.002374715140672587
52.35833168313165, 0.0033970140353119073
109.17900480780213, 0.014365429259046282
227.6630042943553, 0.027889591719378957
474.7290343557678, 0.014567759248610312
989.917781147139, 0.007816326965263137
2064.2032454600153, 0.012278235682491
4304.3322584124035, 0.020541818414158843
8975.509670163681, 0.03717547334568611
18715.97474422552, 0.059559559559559556
39027.05511987933, 0.07958026326682673
81380.26750650689, 0.052153606642449404
169696.32781893288, 0.0641002524341868
353855.3577859429, 0.03818389057750759
737868.7320059257, 0.029944838455476755
1538623.7729411067, 0.01391162029459902
3208379.772678197, 0.0
6690200.000000004, 0.0
4949289.885, 0.0
2373501.77, 0.0
1138246.25, 0.024405506883604502
