5.774651850315086, 2.105470855470855e-05
11.063466939107268, 1.6242203742203743e-05
21.196135089259272, 0.00016663297913297912
40.6089831691024, 0.0003037893662893663
77.80142498073086, 0.0003579300454300454
149.05720992388217, 0.0010749932624932626
285.57384181324494, 0.0019749316624316626
547.1215996168307, 0.0031618156618156614
1048.2124093250775, 0.005458583583583584
2008.2359311578593, 0.005843583968583968
3847.5136521139334, 0.007521295818275684
7371.325785744769, 0.011348570083267248
14122.482400999876, 0.014917464001515723
27056.802936624023, 0.024204441391941393
51837.24534855671, 0.03948863636363636
99313.28589044855, 0.050115899725274714
190271.0818840331, 0.07339743589743589
364534.1534792805, 0.10662774725274723
698399.0827037345, 0.11568509615384616
1338040.000000001, 0.0850360576923077
1018219.54, 0.15685096153846154
531466.615, 0.12187499999999998
277402.615, 0.08786057692307692
