5.774651850315086, 0.0011585838809275873
11.364949031274989, 0.0023050973087809404
22.367074211829895, 0.007090639442741116
44.02008380510797, 0.01453127126873083
86.63483475115615, 0.026100019038927006
170.5038687702181, 0.025110370146263994
335.5644337420961, 0.04765641541948033
660.4160363329067, 0.017534004298074123
1299.748415473844, 0.026100177624632032
2558.002608336409, 0.03667998313544661
5034.341466667902, 0.06199632547971261
9907.962533116704, 0.09833432707614462
19499.61523420836, 0.04416056050592513
38376.708935995775, 0.08277882286303255
75528.24868946339, 0.11713456283791605
148645.2723085594, 0.03148212926858365
292545.07238121954, 0.03895965561019621
575750.6985952416, 0.07231157512937512
1133120.6649105349, 0.10039673451157911
2230066.666666667, 0.0
1681593.665, 0.0
854435.6799999999, 0.0
434147.885, 0.044192106997276055
