5.774651850315086, 0.0
12.63639951925769, 2.707033957033957e-05
27.65163977835017, 4.6921921921921915e-05
60.50878505909671, 8.48203973203973e-05
132.40853340620296, 9.925791175791174e-05
289.74337696019984, 0.00011610167860167859
634.0318281054799, 5.5945368445368433e-05
1387.4220811128218, 0.00016723454223454228
3036.030599459422, 0.000385000385000385
6643.603216593461, 0.0006244224994224994
14537.884996083338, 0.0016139938014938014
31812.571170936866, 0.003584714522214522
69613.95586624724, 0.007209733772233773
152332.95118802285, 0.007855812543312543
333343.04492389516, 0.009460330457906342
729438.9344691616, 0.011212677125506073
1596196.9725241547, 0.01388946452254642
3492882.8921771683, 0.012845552884615384
7643311.639146305, 0.0064338235294117635
16725500.000000006, 0.00030048076923076925
12184405.82, 0.002489697802197802
5568097.265, 0.00819088319088319
2544539.93, 0.014396948160535118
