5.774651850315086, 0.0001698582419314805
10.869267899944758, 0.0005481897039789282
20.45854672162156, 0.0006860647176745595
38.507849637499454, 0.0010893626795866838
72.48092955386298, 0.0024295521358035812
136.426344198564, 0.004089931925743756
256.7868197324064, 0.005681546621690309
483.3338544373121, 0.0067483955763450575
909.7492429271559, 0.0086432954035092
1712.3643986619977, 0.010083212991834008
3223.076970496415, 0.01376446638710065
6066.597253400894, 0.017755694799319863
11418.778568388598, 0.022694255121167097
21492.85646427172, 0.03227247383271703
40454.66651508738, 0.043990189301732964
76145.30183865833, 0.05283383739668199
143323.5641662753, 0.07327314965778021
269769.02775760763, 0.10231081809909283
507769.4568972289, 0.17624881315434046
955742.8571428575, 0.18154609435347266
731756.16, 0.2246581601412201
388769.245, 0.11761859808459127
206546.295, 0.08892014735739834
