5.774651850315086, 0.0009797031073626818
12.239636948614045, 0.0015334483419589802
25.942466579297598, 0.002023299895640321
54.98623652347638, 0.002672885651609056
116.54582642609881, 0.006996358060187847
247.02417397748485, 0.017134155432027773
523.5789594572209, 0.011436968883777394
1109.7493916174055, 0.004919813430451728
2352.1642532616443, 0.009030306902647329
4985.518997454284, 0.014578408195429472
10567.034015380383, 0.02978510425318936
22397.30867322397, 0.04951760270909207
47472.11327923574, 0.05467449532399141
100619.30083103132, 0.041428295943948056
213267.17941065237, 0.04241680305510093
452029.47583738645, 0.026960069950451762
958097.0104751913, 0.022215269086357948
2030730.1416151966, 0.00921985815602837
4304224.794542618, 0.0
9123000.0, 0.0
6713612.395, 0.0
3167477.465, 0.0
1494413.575, 0.020263424518743668
