5.774651850315086, 0.0
12.63639951925769, 0.00046855366004302173
27.65163977835017, 0.0008306178518944475
60.50878505909671, 0.001458905714224863
132.40853340620296, 0.0019381083210870446
289.74337696019984, 0.0025238003961408216
634.0318281054799, 0.0005217983941388196
1387.4220811128218, 0.0015973420228739378
3036.030599459422, 0.002214980938385194
6643.603216593461, 0.0035567482375993015
14537.884996083338, 0.007603348028879945
31812.571170936866, 0.014833982919089302
69613.95586624724, 0.009328477413583797
152332.95118802285, 0.011628649926522266
333343.04492389516, 0.00785762979440996
729438.9344691616, 0.007318828987362022
1596196.9725241547, 0.006419662509170947
3492882.8921771683, 0.003102836879432624
7643311.639146305, 0.0006257822277847309
16725500.000000006, 0.0
12184405.82, 0.0
5568097.265, 0.0007880220646178092
2544539.93, 0.004471168670983658
