5.774651850315086, 0.0006389368091495751
12.369592350022065, 0.0013737141396715864
26.49628390971755, 0.001725129384703853
56.75636198496917, 0.002289523566119311
121.57495884120715, 0.003226630886205354
260.4196269865844, 0.014131152429024768
557.8318328563975, 0.00641066598513407
1194.9036151716712, 0.003173386152109556
2559.5431552180485, 0.00641066598513407
5482.669129327512, 0.011351777309224119
11744.150795191448, 0.022692905671629075
25156.556897153765, 0.04032756160415735
53886.59988756711, 0.036793165838352834
115427.7852614752, 0.03560021620559186
247252.0745077342, 0.02757489149994707
529626.2785419831, 0.01876000915122398
1134485.9107075192, 0.014184397163120567
2430125.4181288606, 0.006159014557670773
5205449.880072125, 0.0
11150333.333333334, 0.0
8177891.605, 0.0
3817787.65, 0.0009671179883945841
1782305.665, 0.01104746317512275
