5.774651850315086, 0.0023841515107914414
12.132493849317536, 0.003533204370687294
25.490265182947134, 0.005834194401793517
53.55482781749078, 0.010680277850323865
112.5182324301532, 0.028989077753026008
236.39983816867297, 0.0627440067345069
496.67402588167977, 0.029949475235669924
1043.5078547283276, 0.010949499617349359
2192.4010238842666, 0.013694893393332902
4606.215686589309, 0.01992479417984271
9677.619523179654, 0.03288747884495868
20332.595346783724, 0.05257830223790629
42718.60787106253, 0.05659312824641896
89751.42756334208, 0.033843551522183234
188566.97704127448, 0.05434370330538085
396177.5962325475, 0.023020400744684425
832365.7207605547, 0.026849423904827942
1748793.2171978757, 0.034093061206952206
3674199.5017801393, 0.0
7719461.538461542, 0.0
5696830.52, 0.0
2711496.36, 0.032693420061322295
1290579.47, 0.029351270822130245
