5.774651850315086, 0.00018103209592571293
11.364949031274989, 0.0008732136391710859
22.367074211829895, 0.0031627372052903963
44.02008380510797, 0.0062083359955700385
86.63483475115615, 0.009967414222733373
170.5038687702181, 0.010478563670053032
335.5644337420961, 0.023981428236747388
660.4160363329067, 0.01189487359700126
1299.748415473844, 0.019860285817732626
2558.002608336409, 0.03070091367963708
5034.341466667902, 0.050040587883448694
9907.962533116704, 0.08519048019510553
19499.61523420836, 0.047520490106796924
38376.708935995775, 0.09279869067103111
75528.24868946339, 0.1410380399742102
148645.2723085594, 0.044809800128949064
292545.07238121954, 0.03254067584480601
575750.6985952416, 0.0598404255319149
1133120.6649105349, 0.05053191489361702
2230066.666666667, 0.0
1681593.665, 0.0
854435.6799999999, 0.0
434147.885, 0.05609284332688589
