0.011742917046328129, 0.0
0.02180729893391931, 0.0
0.04049745773704666, 0.0
0.07520619991194497, 0.0001335501243011417
0.13966240898182125, 0.0005084625876338788
0.2593614423470883, 0.0007451958062390914
0.4816497027852194, 0.0014503034295857086
0.8944522905707641, 0.004543389116086119
1.6610513729810152, 0.008678906431403658
3.084671695481372, 0.015892927703878502
5.728419736848607, 0.019016562896774638
10.638017890067816, 0.03943819126024083
19.755435151066624, 0.042395823880756765
36.68702403409017, 0.05273694602896007
68.12999674194677, 0.07003993147710273
126.521476687358, 0.08884803921568628
234.9579455255414, 0.09031631520532742
436.33095037294464, 0.12696210559695575
810.2926582351371, 0.18846343568874088
1504.7619047619041, 0.2005179430262671
1157.525, 0.1893729189789123
623.31, 0.13152978172401036
335.645, 0.11814547621983804
