0.011742917046328129, 0.0
0.024341742481786614, 0.0
0.05045768651111175, 0.0004089105800206282
0.10459309270725471, 0.0007298499457572014
0.21680968348913993, 0.0009699179936566894
0.4494220185861337, 0.0012707008388215591
0.9316011514778687, 0.0032068060591122385
1.9311041060364926, 0.007958213209900367
4.002960990800781, 0.01848618199393
8.297686615539703, 0.04345340204827942
17.200168407320213, 0.038571591625360266
35.65400899645009, 0.03471748235136386
73.90673901645816, 0.035993535870501574
153.2003335891542, 0.03576430385948487
317.5670111300894, 0.03509525831078923
658.2805937521645, 0.03854933696071105
1364.5414193642107, 0.049867091807402356
2828.5404473908998, 0.06854196018267278
5863.245299108693, 0.09773531575519055
12153.846153846162, 0.23055139592570395
9008.55, 0.1285055308094489
4345.895, 0.09086207237669103
2096.54, 0.06426992656341049
