0.011742917046328129, 0.0
0.02415909831266617, 0.0009503174060136086
0.04970332575614792, 0.0019006348120272172
0.10225632427376487, 0.0047431397642368105
0.21037537619276878, 0.005376684701579216
0.4328123392129779, 0.011061694605998405
0.8904393868004825, 0.02564589906362058
1.8319309079944195, 0.06291101227810088
3.768893089650827, 0.13785093109987626
7.753870552229924, 0.302272736871893
15.952298754727613, 0.17019551196766386
32.819200919842515, 0.030693790187461076
67.5200462063678, 0.013154098597136572
138.91126267348236, 0.01068793100243499
285.7868141642566, 0.004909858074415036
587.9588276591674, 0.006766977151500677
1209.6274771573349, 0.01071080817916261
2488.6073049016572, 0.008790436005625877
5119.895533924255, 0.007735583684950772
10533.333333333341, 0.004219409282700422
7826.615, 0.0031645569620253164
3804.255, 0.007911392405063292
1849.1200000000001, 0.011913626209977662
