0.011742917046328129, 0.0
0.02481743945873516, 0.0
0.052449089000468685, 0.0002194664040710175
0.11084571966230103, 0.000438932808142035
0.23426095288983256, 0.0008854733336799185
0.4950862714053593, 0.0013346546353407932
1.0463135794095861, 0.0023844268902867404
2.2112754275113775, 0.006451225638718338
4.673301687506351, 0.023660951430330975
9.876539299778088, 0.06517646360346083
20.873043313433286, 0.014479033774150638
44.11301610213319, 0.01899644252769975
93.22829260717826, 0.011725260425411383
197.02834470276335, 0.009640966038119595
416.39900861299094, 0.008156227234299996
880.0161958192111, 0.010779628305635901
1859.8231236998085, 0.01871166492443508
3930.543628493755, 0.026214305783299138
8306.797038182478, 0.013974305168240265
17555.555555555562, 0.03240989767033168
12931.18, 0.02286865336358523
6118.67, 0.016543044612848348
2895.18, 0.019295206868560746
