0.011742917046328129, 0.0
0.02415909831266617, 0.00024648161954996916
0.04970332575614792, 0.0004089105800206282
0.10225632427376487, 0.000870177004563482
0.21037537619276878, 0.0009699179936566893
0.4328123392129779, 0.0019083957360279398
0.8904393868004825, 0.004148006942017578
1.8319309079944195, 0.009385164254018325
3.768893089650827, 0.02243460279418201
7.753870552229924, 0.050665543913497056
15.952298754727613, 0.04596048896360286
32.819200919842515, 0.042847570574693225
67.5200462063678, 0.04232252587759825
138.91126267348236, 0.04197016429112159
285.7868141642566, 0.04112732012551445
587.9588276591674, 0.04399601019941877
1209.6274771573349, 0.054076843298469436
2488.6073049016572, 0.06642730403407641
5119.895533924255, 0.10915708768380535
10533.333333333341, 0.2360917266208435
7826.615, 0.1491485556137598
3804.255, 0.08984166362819844
1849.1200000000001, 0.05997960868696499
