0.011742917046328129, 0.0
0.024556706508487753, 0.0
0.051352813969895605, 0.0002194664040710175
0.10738864764764842, 0.0006606172348218986
0.2245703935591795, 0.0013346546353407932
0.4696200461411539, 0.0013346546353407932
0.9820661764102989, 0.0034641000238088034
2.053689962287636, 0.01181328305954621
4.29466217502526, 0.03758268644656123
8.980967690491854, 0.08893761166290418
18.780937212409302, 0.019038787034788483
39.27456536224805, 0.020801989412574596
82.1306981088415, 0.014281362925965279
171.75114503824895, 0.012219538038029238
359.1648007527907, 0.010148133021124198
751.082934970033, 0.013951511898256906
1570.6594132298628, 0.023081298086750638
3284.552048125025, 0.03215867811426791
6868.632413858301, 0.024365741930569906
14363.636363636368, 0.04573730672717046
10616.135, 0.01620494883516584
5076.59, 0.018951132612665483
2427.605, 0.027132958528261676
