0.011742917046328129, 0.0
0.024556706508487753, 0.0
0.051352813969895605, 0.00024648161954996916
0.10738864764764842, 0.0005517430731784238
0.2245703935591795, 0.0009699179936566893
0.4696200461411539, 0.0009699179936566893
0.9820661764102989, 0.0025220152837127975
2.053689962287636, 0.00615014394015514
4.29466217502526, 0.014141687378834445
8.980967690491854, 0.03427919871381827
18.780937212409302, 0.030652251649184625
39.27456536224805, 0.027153256817331554
82.1306981088415, 0.02859963138772671
171.75114503824895, 0.028453358062999413
359.1648007527907, 0.028204319569563516
751.082934970033, 0.030793131193608474
1570.6594132298628, 0.04048862797292415
3284.552048125025, 0.05317939259329464
6868.632413858301, 0.09261893862534065
14363.636363636368, 0.1696625322702038
10616.135, 0.12728422139329768
5076.59, 0.0714880654055346
2427.605, 0.04453202788385392
