0.011742917046328129, 0.0
0.022801797064458208, 0.00022791969291201822
0.0442753659348474, 0.0
0.08597164614363802, 0.0002194664040710175
0.1669353552384678, 0.0010941736616252005
0.3241465538770035, 0.0031954344161886482
0.6294112367044288, 0.009878426397819579
1.2221586197708576, 0.023175876261253833
2.37312523955087, 0.03869755679136793
4.608013486538487, 0.02593569724689483
8.947605435328487, 0.07020973357595243
17.37400362655195, 0.042629255632461026
33.735953624374154, 0.051866995084215495
65.5067531588742, 0.027702991780114476
127.19767039036194, 0.02642392131234216
246.98594530392046, 0.03747204318121701
479.5847045819291, 0.04262536713184832
931.2331055352781, 0.04029894830146217
1808.2209223099414, 0.06899411572053937
3511.1111111111127, 0.10962346883347325
2659.665, 0.05589722067296106
1369.725, 0.061005129356718375
705.405, 0.06438249587496056
