0.011742917046328129, 0.0
0.022801797064458208, 0.00026875503930545903
0.0442753659348474, 0.0
0.08597164614363802, 0.00024648161954996916
0.1669353552384678, 0.0008848120884304202
0.3241465538770035, 0.0017422144746628812
0.6294112367044288, 0.0037674962936949815
1.2221586197708576, 0.008629519700949405
2.37312523955087, 0.015433874082354498
4.608013486538487, 0.015252287711047235
8.947605435328487, 0.03326277877912302
17.37400362655195, 0.04586589905476803
33.735953624374154, 0.04665567543198237
65.5067531588742, 0.04656841737464622
127.19767039036194, 0.04911611470616974
246.98594530392046, 0.054777721252826636
479.5847045819291, 0.06864190677530237
931.2331055352781, 0.10640971578075756
1808.2209223099414, 0.14525012568366402
3511.1111111111127, 0.24933175928010876
2659.665, 0.23564497269943827
1369.725, 0.12154608976254723
705.405, 0.07887566212244917
