0.011742917046328129, 0.0
0.022196925589429213, 0.0
0.041957505420403184, 0.00024648161954996916
0.07930973386429378, 0.000870177004563482
0.14991439130140408, 0.001134430804098761
0.2833741033317061, 0.0018705118957190775
0.5356449220248837, 0.007514446125142936
1.0124971869966257, 0.007099219230183255
1.9138621716056445, 0.011372885983732785
3.6176578650734394, 0.02232998615715104
6.838239776560251, 0.03982917140551598
12.925910903070315, 0.052616029366193785
24.433067299982227, 0.04705623000408188
46.18434879847885, 0.047985199675602275
87.2994801574139, 0.049852737157664896
165.01692530101712, 0.05767419781546103
311.92150957486405, 0.07770501922235516
589.6063567902529, 0.10417589214395989
1114.4972222059598, 0.13874846553134396
2106.6666666666665, 0.24582798725920949
1610.585, 0.24058649126164128
852.0550000000001, 0.12470399071201964
450.765, 0.09534818375421727
