0.011742917046328129, 0.0
0.02535274172111327, 0.0
0.05473610264312147, 0.0
0.11817423793905824, 0.0
0.25513600417497245, 0.0002194664040710175
0.5508339360727703, 0.000438932808142035
1.18924032737197, 0.0011030395603516287
2.5675479734076343, 0.0013346546353407932
5.543288807164469, 0.0034641000238088034
11.967858485172837, 0.011475028448934978
25.838386146506593, 0.01789519522819936
55.784600017046536, 0.014453018812011107
0.011742917046328129, 0.0
0.02535274172111327, 0.0
0.05473610264312147, 0.0
0.11817423793905824, 0.0
0.25513600417497245, 0.0002194664040710175
0.5508339360727703, 0.000438932808142035
1.18924032737197, 0.0011030395603516287
2.5675479734076343, 0.0013346546353407932
5.543288807164469, 0.0034641000238088034
11.967858485172837, 0.011475028448934978
25.838386146506593, 0.01789519522819936
55.784600017046536, 0.014453018812011107
120.43792446698949, 0.0051335265321004525
260.0232617153085, 0.00292091624160295
561.3854351301055, 0.002527534706929317
1212.020819588328, 0.003811328566330464
2616.7306367239626, 0.007322946393430816
5649.473271833336, 0.007442840864098622
12197.108789583903, 0.005717163340896308
26333.333333333347, 0.0
19265.22, 0.00925997076295191
8923.29, 0.00556521525461936
4133.1, 0.0071482907607092186
