0.011742917046328129, 0.00024041164350099888
0.024556706508487753, 0.00024041164350099888
0.051352813969895605, 0.00038890853504628466
0.10738864764764842, 0.0006782212409790086
0.2245703935591795, 0.0010892052449393082
0.4696200461411539, 0.0010892052449393082
0.9820661764102989, 0.0026348863551926985
2.053689962287636, 0.0062584862557005785
4.29466217502526, 0.01424393615633074
8.980967690491854, 0.03438178185766304
18.780937212409302, 0.030636499274173203
39.27456536224805, 0.02719300533159529
82.1306981088415, 0.0287311249536196
171.75114503824895, 0.02867164891462272
359.1648007527907, 0.028396114965495958
751.082934970033, 0.03182960413527857
1570.6594132298628, 0.04065035379882263
3284.552048125025, 0.056993670017354975
6868.632413858301, 0.09173937317275448
14363.636363636368, 0.2026083902145412
