0.011742917046328129, 0.0
0.02180729893391931, 0.0
0.04049745773704666, 0.0
0.07520619991194497, 0.0004157443310850179
0.13966240898182125, 0.001086263524560559
0.2593614423470883, 0.0016089680223545385
0.4816497027852194, 0.0031179018434428257
0.8944522905707641, 0.005904665836738521
1.6610513729810152, 0.010263768516780576
3.084671695481372, 0.01790968213298656
5.728419736848607, 0.02179109900364596
10.638017890067816, 0.04522480847918576
19.755435151066624, 0.046085448937689504
36.68702403409017, 0.049840124184820915
68.12999674194677, 0.049931741864367385
126.521476687358, 0.060014502960404115
234.9579455255414, 0.08499037921347095
436.33095037294464, 0.1078574717881936
810.2926582351371, 0.17686079599814816
1504.7619047619041, 0.24505412879126978
1157.525, 0.2425373312437953
623.31, 0.11473541496308892
335.645, 0.09951034525598161
