0.011742917046328129, 0.0
0.022196925589429213, 0.0
0.041957505420403184, 6.490026837788584e-05
0.07930973386429378, 0.0003252420011576505
0.14991439130140408, 0.0004678652014945023
0.2833741033317061, 0.0008817548588173818
0.5356449220248837, 0.00362538824433016
1.0124971869966257, 0.004145562506642788
1.9138621716056445, 0.01185633469207276
3.6176578650734394, 0.019398143981939765
6.838239776560251, 0.034559524209912665
12.925910903070315, 0.04684715698465146
24.433067299982227, 0.042255032652929916
46.18434879847885, 0.05178619784813362
87.2994801574139, 0.0666452670598391
165.01692530101712, 0.08688048944245763
311.92150957486405, 0.09874610221447067
589.6063567902529, 0.14590270070292263
1114.4972222059598, 0.1543192748797632
2106.6666666666665, 0.20451812800591934
1610.585, 0.18204310025897152
852.0550000000001, 0.15609507954125046
450.765, 0.10843969663337036
