0.011742917046328129, 0.0
0.02481743945873516, 0.0
0.052449089000468685, 6.490026837788584e-05
0.11084571966230103, 0.00012943020712166106
0.23426095288983256, 0.00027265519311394265
0.4950862714053593, 0.0003865778468072216
1.0463135794095861, 0.0007311695713471517
2.2112754275113775, 0.0018226698766839352
4.673301687506351, 0.0048892307031411725
9.876539299778088, 0.011567431286262215
20.873043313433286, 0.012863307258423795
44.11301610213319, 0.016344128071838025
93.22829260717826, 0.017740205382141692
197.02834470276335, 0.020083041492002296
416.39900861299094, 0.02408302241008808
880.0161958192111, 0.03461957252884001
1859.8231236998085, 0.054885775064742875
3930.543628493755, 0.07677940148805855
8306.797038182478, 0.05603727339992601
17555.555555555562, 0.05299667036625971
12931.18, 0.05145902700702923
6118.67, 0.07824639289678136
2895.18, 0.06402145763965965
