0.011742917046328129, 0.0
0.024556706508487753, 0.0
0.051352813969895605, 6.490026837788584e-05
0.10738864764764842, 0.00019437676670381075
0.2245703935591795, 0.0003865778468072216
0.4696200461411539, 0.0003865778468072216
0.9820661764102989, 0.0011003882165554382
2.053689962287636, 0.0030265652259732915
4.29466217502526, 0.007151389273105885
8.980967690491854, 0.018643180731601004
18.780937212409302, 0.021827228634479837
39.27456536224805, 0.02141144103778214
82.1306981088415, 0.024390506497410286
171.75114503824895, 0.027739366702449617
359.1648007527907, 0.03289257147231046
751.082934970033, 0.045972135094125156
1570.6594132298628, 0.07080529735479098
3284.552048125025, 0.0974996917005796
6868.632413858301, 0.11896834205380262
14363.636363636368, 0.06638457269700333
10616.135, 0.09884850166481687
5076.59, 0.11802215645167921
2427.605, 0.08284445853813222
