0.011742917046328129, 0.0
0.022801797064458208, 0.0009460937730979925
0.0442753659348474, 0.0
0.08597164614363802, 0.0009503174060136086
0.1669353552384678, 0.0047304688654899625
0.3241465538770035, 0.0105337404915464
0.6294112367044288, 0.022554199769389643
1.2221586197708576, 0.052368824520723244
2.37312523955087, 0.09482900622141126
4.608013486538487, 0.06487922521677797
8.947605435328487, 0.17116832668369736
17.37400362655195, 0.11712113608059628
33.735953624374154, 0.034170002524432905
65.5067531588742, 0.018952180028129397
127.19767039036194, 0.025316455696202528
246.98594530392046, 0.013610997686130392
479.5847045819291, 0.0145042194092827
931.2331055352781, 0.00949367088607595
1808.2209223099414, 0.015822784810126583
3511.1111111111127, 0.02531645569620253
2659.665, 0.006329113924050633
1369.725, 0.012658227848101266
705.405, 0.01879555044112006
