0.011742917046328129, 0.0
0.02180729893391931, 0.0
0.04049745773704666, 0.0
0.07520619991194497, 0.00044646816696787
0.13966240898182125, 0.0019139629182553354
0.2593614423470883, 0.0038860774040056973
0.4816497027852194, 0.008441071714401347
0.8944522905707641, 0.01440777581190855
1.6610513729810152, 0.028199651896543033
3.084671695481372, 0.05416960456097282
5.728419736848607, 0.04546666181664111
10.638017890067816, 0.10834962930257702
19.755435151066624, 0.03511299199509285
36.68702403409017, 0.04941367102022837
68.12999674194677, 0.03533260447419845
126.521476687358, 0.03704352729664438
234.9579455255414, 0.0521356733688753
436.33095037294464, 0.04330745014270297
810.2926582351371, 0.037264813781974035
1504.7619047619041, 0.11384588660955308
1157.525, 0.06440648743659809
623.31, 0.05920419144908146
335.645, 0.06715801061217058
