0.011742917046328129, 0.0
0.024556706508487753, 0.0
0.051352813969895605, 0.0009503174060136086
0.10738864764764842, 0.00284672858512521
0.2245703935591795, 0.005376684701579216
0.4696200461411539, 0.005376684701579216
0.9820661764102989, 0.014765820672993668
2.053689962287636, 0.03946984959643187
4.29466217502526, 0.09130227273687189
8.980967690491854, 0.20465190929325952
18.780937212409302, 0.05592512343567195
39.27456536224805, 0.010398584238246685
82.1306981088415, 0.008616824894514766
171.75114503824895, 0.005492149131908419
359.1648007527907, 0.003579223046704496
751.082934970033, 0.004647465296887422
1570.6594132298628, 0.007515822784810127
3284.552048125025, 0.007313642756680731
6868.632413858301, 0.003013863773357444
14363.636363636368, 0.004219409282700422
10616.135, 0.0010548523206751054
5076.59, 0.0023441162681669013
2427.605, 0.00622865179827205
