0.011742917046328129, 0.0
0.02415909831266617, 6.490026837788584e-05
0.04970332575614792, 0.00012943020712166106
0.10225632427376487, 0.0003252420011576505
0.21037537619276878, 0.0003865778468072216
0.4328123392129779, 0.0008057909926204413
0.8904393868004825, 0.0018226698766839352
1.8319309079944195, 0.0047710492586556215
3.768893089650827, 0.01100591897854199
7.753870552229924, 0.03193857009062336
15.952298754727613, 0.04011359676361526
32.819200919842515, 0.03310405086209748
67.5200462063678, 0.0358476139205884
138.91126267348236, 0.04031171108622985
285.7868141642566, 0.04688813775939192
587.9588276591674, 0.06339828562254378
1209.6274771573349, 0.09347341984689378
2488.6073049016572, 0.12223301270193614
5119.895533924255, 0.16595757799975336
10533.333333333341, 0.1677765445800962
7826.615, 0.13124306326304105
3804.255, 0.1561112652608213
1849.1200000000001, 0.1134768557811582
