0.011742917046328129, 0.0
0.02535274172111327, 0.0
0.05473610264312147, 0.0
0.11817423793905824, 0.0
0.25513600417497245, 6.490026837788584e-05
0.5508339360727703, 0.00012943020712166106
1.18924032737197, 0.0003252420011576504
2.5675479734076343, 0.0003865778468072216
5.543288807164469, 0.0011003882165554382
11.967858485172837, 0.0029730988850485704
25.838386146506593, 0.004088994655032391
55.784600017046536, 0.005972630047731787
0.011742917046328129, 0.0
0.02535274172111327, 0.0
0.05473610264312147, 0.0
0.11817423793905824, 0.0
0.25513600417497245, 6.490026837788584e-05
0.5508339360727703, 0.00012943020712166106
1.18924032737197, 0.0003252420011576505
2.5675479734076343, 0.0003865778468072216
5.543288807164469, 0.0011003882165554382
11.967858485172837, 0.0029730988850485704
25.838386146506593, 0.004088994655032391
55.784600017046536, 0.005972630047731787
120.43792446698949, 0.006171589643657716
260.0232617153085, 0.005564434208533357
561.3854351301055, 0.007327017264990543
1212.020819588328, 0.010949726804951852
2616.7306367239626, 0.017625144567430914
5649.473271833336, 0.02604694461870064
12197.108789583903, 0.021969224010358862
26333.333333333347, 0.01863669996300407
19265.22, 0.014659637439881613
8923.29, 0.01787010159651669
4133.1, 0.021069734568003488
