0.011742917046328129, 0.0
0.02481743945873516, 0.0
0.052449089000468685, 0.0009503174060136086
0.11084571966230103, 0.0019006348120272172
0.23426095288983256, 0.003792822358223202
0.4950862714053593, 0.005376684701579216
1.0463135794095861, 0.010107153567069179
2.2112754275113775, 0.02564589906362058
4.673301687506351, 0.06440195469731334
9.876539299778088, 0.1446932164231742
20.873043313433286, 0.008992114477346545
44.11301610213319, 0.009009009009009009
93.22829260717826, 0.0068858762140164296
197.02834470276335, 0.0033522625128221393
416.39900861299094, 0.002625908968489092
880.0161958192111, 0.00359608745684695
1859.8231236998085, 0.00590717299578059
3930.543628493755, 0.005391467416783873
8306.797038182478, 0.0015822784810126582
17555.555555555562, 0.002109704641350211
12931.18, 0.002109704641350211
6118.67, 0.0023014959723820483
2895.18, 0.004388185654008439
