0.011742917046328129, 0.0
0.02481743945873516, 0.0
0.052449089000468685, 0.00024648161954996916
0.11084571966230103, 0.0004089105800206282
0.23426095288983256, 0.0007298499457572014
0.4950862714053593, 0.0009699179936566893
1.0463135794095861, 0.0017338343749994836
2.2112754275113775, 0.004148006942017578
4.673301687506351, 0.009599468167454224
9.876539299778088, 0.02366715557811204
20.873043313433286, 0.019528984767868043
44.11301610213319, 0.020596964861232445
93.22829260717826, 0.020649391489347517
197.02834470276335, 0.020395083237206
416.39900861299094, 0.020176708785888255
880.0161958192111, 0.022617596633175353
1859.8231236998085, 0.031191032314982818
3930.543628493755, 0.04225775999984268
8306.797038182478, 0.06631549455904545
17555.555555555562, 0.1539145480882813
12931.18, 0.10107781799805111
6118.67, 0.05460784770447004
2895.18, 0.0357690559384666
