0.011742917046328129, 0.0
0.022196925589429213, 0.0
0.041957505420403184, 0.0009503174060136086
0.07930973386429378, 0.0047431397642368105
0.14991439130140408, 0.006483276525470618
0.2833741033317061, 0.011564306922956711
0.5356449220248837, 0.04531113391872886
1.0124971869966257, 0.0400020273437995
1.9138621716056445, 0.07378686703581218
3.6176578650734394, 0.14413992051122856
6.838239776560251, 0.274907300856668
12.925910903070315, 0.2912117804939974
24.433067299982227, 0.036231884057971016
46.18434879847885, 0.01631214928879029
87.2994801574139, 0.011830892694630593
165.01692530101712, 0.015002344116268166
311.92150957486405, 0.016877637130801686
589.6063567902529, 0.02350813743218806
1114.4972222059598, 0.012658227848101266
2106.6666666666665, 0.027426160337552744
1610.585, 0.006329113924050633
852.0550000000001, 0.02784810126582279
450.765, 0.022362869198312235
