0.055598289606067636, 4.936799226221679e-05
0.10599512912106915, 8.639398645887938e-05
0.20207397524268464, 0.00017603586714553618
0.3852430938004714, 0.00030335332087441105
0.7344451018134337, 0.0005014748687688337
1.4001798247864792, 0.0009522825875843397
2.669367032196653, 0.0018357098175397978
5.089003731120735, 0.0037370270984807
9.701910101904957, 0.00907786436663789
18.496166361567234, 0.011288381178063203
35.26193981199628, 0.015326163282036093
67.22497921993656, 0.022420162209386314
128.1607834173506, 0.03285067853529891
244.3315951413178, 0.04770676770425573
465.80495836933835, 0.06722426514769149
888.0319351083782, 0.09205525169185129
1692.984807488989, 0.1194914754291782
3227.583879670644, 0.14718895640375199
6153.213929757937, 0.1491239454899416
11730.769230769225, 0.10599178022928833
8941.99, 0.10885788449059053
4690.395, 0.1462871975526096
2460.2799999999997, 0.1314298074843175
