0.055598289606067636, 0.0
0.09495899761539489, 0.0014434447008410832
0.162185047274125, 0.0
0.27700365652391545, 0.00506084994765062
0.47310789137008824, 0.009421767298208232
0.8080437626184418, 0.015706376196427247
1.380096874765108, 0.02733538681769192
2.357133947256025, 0.05270400013321264
4.02586263826763, 0.008800400847798096
6.87596477114365, 0.12865562267929487
11.743791525473684, 0.055272243934138314
20.057787377355716, 0.042252383558673307
34.25766147181181, 0.04859822859287161
58.51031060595369, 0.05434232917071535
99.93257858602207, 0.05573667710615216
170.6796658473953, 0.03669676759151396
291.5120248668659, 0.05921922514360504
497.88743269488344, 0.09445886934505768
850.365935157272, 0.1379488026468549
1452.3809523809516, 0.22616191195371138
1151.375, 0.0
674.13, 0.0980502112963903
394.7, 0.0831214667917454
