0.055598289606067636, 0.00043525966567371603
0.10806653228918219, 0.0008406833372815027
0.21004918467373773, 0.0015952589394948198
0.40827311700940555, 0.003146575340796854
0.7935614619570408, 0.005843417127135091
1.5424473659109137, 0.010831592047891208
2.998058739821101, 0.021764715236753326
5.827334148358112, 0.04274608398745891
11.326603720461756, 0.08407845938660127
22.015547516959387, 0.026593783258695502
42.79167387095073, 0.03107513053670954
83.1742817782398, 0.021593464504103998
161.66605611617155, 0.015867884832535234
314.23071100079943, 0.01517329924944881
610.771006036751, 0.015478733728075853
1187.1571070409966, 0.01849944397340863
2307.4801895772193, 0.022499765519737598
4485.054921300697, 0.03989418688781571
8717.61228458009, 0.01597063447798887
16944.44444444443, 0.0
12831.025, 0.0
6601.33, 0.040497537723888026
3396.2650000000003, 0.02996523352385599
