0.055598289606067636, 4.7419255725550335e-05
0.10693118124567037, 8.769314414999035e-05
0.20565880000284298, 0.00014745439794109489
0.39553983717281627, 0.0002494382766933059
0.7607345894682613, 0.00042482456499328656
1.4631070279795744, 0.0007476652512343621
2.8139671903436376, 0.001464150717882061
5.412052021419865, 0.002878933443501905
10.40890141969919, 0.006990767535868119
20.019251170573778, 0.008377618371129079
38.502662410852345, 0.01244398194430641
74.05147176049815, 0.018395486862734883
142.42185154318673, 0.02711831657540339
273.9173620018416, 0.039923257060632565
526.8202905176834, 0.056340722019194635
1013.2239025406129, 0.07783178164192348
1948.7151409274957, 0.10333549643088905
3747.9284597985047, 0.11929483019684187
7208.322778814083, 0.14049318624269955
13863.636363636353, 0.1589876703439325
