0.055598289606067636, 0.0008406833372815027
0.10599512912106915, 0.0015952589394948198
0.20207397524268464, 0.003146575340796854
0.3852430938004714, 0.005843417127135091
0.7344451018134337, 0.010468841421102684
1.4001798247864792, 0.020350378574987126
2.669367032196653, 0.038920818797442504
5.089003731120735, 0.07512383631903422
9.701910101904957, 0.1490058084769778
18.496166361567234, 0.04202701647944646
35.26193981199628, 0.04785287146510405
67.22497921993656, 0.03321817996377783
128.1607834173506, 0.025838805988014624
244.3315951413178, 0.024534101777345173
465.80495836933835, 0.022247755087621706
888.0319351083782, 0.02790641841226229
1692.984807488989, 0.03472641441582286
3227.583879670644, 0.05375634228263859
6153.213929757937, 0.018294922690868187
11730.769230769225, 0.0
8941.99, 0.0
4690.395, 0.08010303358833133
2460.2799999999997, 0.038002802528937396
