0.055598289606067636, 0.0002534179749369623
0.10806653228918219, 0.00048149415238022834
0.21004918467373773, 0.0008869629122793679
0.40827311700940555, 0.0018161621537148961
0.7935614619570408, 0.0032521973450243494
1.5424473659109137, 0.005621655410684947
2.998058739821101, 0.011120825466817027
5.827334148358112, 0.022262769098212135
11.326603720461756, 0.045843311666096474
22.015547516959387, 0.015403589243251692
42.79167387095073, 0.01727043499195398
83.1742817782398, 0.013303820525235755
161.66605611617155, 0.011096148666846216
314.23071100079943, 0.011520212896335594
610.771006036751, 0.01241809886453295
1187.1571070409966, 0.014972097454743432
2307.4801895772193, 0.019055396760582547
4485.054921300697, 0.03066104078762306
8717.61228458009, 0.0018083182640144665
16944.44444444443, 0.0
12831.025, 0.0
6601.33, 0.02067510548523207
3396.2650000000003, 0.023839662447257385
