0.055598289606067636, 0.0
0.11039748425213315, 0.0
0.2192082636993551, 2.5983153822219365e-05
0.43526592294749245, 4.936799226221679e-05
0.8642759195391128, 8.639398645887938e-05
1.7161299006292494, 0.00017603586714553618
3.4075944605795283, 0.0003293364746966304
6.7662127461998365, 0.000574227699471048
13.435177060080983, 0.0011341646643398752
26.677254973560242, 0.001407637358318734
52.97108700107112, 0.0027223849417230338
105.18083891524839, 0.004663976111088376
208.84995006222385, 0.006131374723198213
414.6981721275273, 0.00905908831694921
823.4360310580637, 0.012867134878420138
1635.037101239366, 0.01780339276352211
3246.5743805188436, 0.023430981737276348
6446.48687191976, 0.024471464189350728
12800.320620774595, 0.02118290534903124
25416.666666666653, 0.001081548777849881
19108.495, 0.008111615833874108
9623.404999999999, 0.02669459028965843
4846.53, 0.02424301788840865
