0.055598289606067636, 5.911167494554905e-05
0.09665561106411097, 8.379567107665745e-05
0.16803227610723362, 0.0006820577878332584
0.2921180209087873, 0.00023579712093664074
0.5078365901870517, 0.00046314971688106015
0.8828555031643841, 0.000982163214479892
1.5348122890880085, 0.0017895897195053586
2.6682155282402555, 0.002585973384156382
4.638595974086695, 0.0052805841607354255
8.064030953677849, 0.007419424616050184
14.019025495032054, 0.01221452345565301
24.371567638976362, 0.019577248102428745
42.36908688065994, 0.027846700003817226
73.65712167936312, 0.0392767188376467
128.05023599800563, 0.05342214757414972
222.61069351205603, 0.08053553741589535
387.0006211209979, 0.11556840304406818
672.7865511992001, 0.14709063378758383
1169.6150310130702, 0.19770711659095822
2033.333333333333, 0.2709279688513952
1601.475, 0.23101881894873458
921.2049999999999, 0.19127190136275146
529.895, 0.13732965606748865
