0.055598289606067636, 4.936799226221679e-05
0.10519981250379673, 0.00010328303644332199
0.19905289585790067, 0.00019487365366664523
0.3766361783961, 0.00034557594583551753
0.7126488176192413, 0.0005865696975366022
1.3484321644746209, 0.0011341646643398752
2.5514240074992833, 0.0022176621787264226
4.82765439563662, 0.004786096934052807
9.134603615552178, 0.010908377553413246
17.283959532951524, 0.013649600281657388
32.70369133785866, 0.01772231397593113
61.88000064932402, 0.02590441219142886
117.08569655950836, 0.03808216442869266
221.5426663699468, 0.054926888881520676
419.189998988136, 0.07761915062369314
793.1666533174433, 0.10512654120700844
1500.7832759688479, 0.13666450356911097
2839.6938171912093, 0.16560674886437377
5373.101569371009, 0.1674237508111616
10166.666666666664, 0.12394548994159636
7769.885, 0.1624486264330521
4106.395, 0.17150273477333824
2170.235, 0.1493000834337628
