0.055598289606067636, 0.0006039795069330934
0.09665561106411097, 0.0008869629122793679
0.16803227610723362, 0.007513842956880932
0.2921180209087873, 0.0026059815089350957
0.5078365901870517, 0.004992334106258157
0.8828555031643841, 0.009993115478347544
1.5348122890880085, 0.018153174271317733
2.6682155282402555, 0.01637502481384338
4.638595974086695, 0.05060595031072646
8.064030953677849, 0.04172526957337084
14.019025495032054, 0.03214917653463999
24.371567638976362, 0.02972550135115915
42.36908688065994, 0.021055679655828576
73.65712167936312, 0.026532217692912825
128.05023599800563, 0.03226607098535617
222.61069351205603, 0.03308905174328225
387.0006211209979, 0.033371691599539705
672.7865511992001, 0.039381153305203934
1169.6150310130702, 0.0759493670886076
2033.333333333333, 0.13924050632911392
1601.475, 0.0
921.2049999999999, 0.09071729957805907
529.895, 0.0379746835443038
