0.055598289606067636, 0.0002595780788506884
0.09665561106411097, 0.00034795605068879774
0.16803227610723362, 0.002040693064971412
0.2921180209087873, 0.0006971660755694273
0.5078365901870517, 0.001209848577869693
0.8828555031643841, 0.0018818721814483621
1.5348122890880085, 0.0028681780071352354
2.6682155282402555, 0.0029439091011231435
4.638595974086695, 0.006161638932625812
8.064030953677849, 0.007790170680589581
14.019025495032054, 0.011656258470866375
24.371567638976362, 0.01792107490373238
42.36908688065994, 0.023236752372900838
73.65712167936312, 0.03133736216936793
128.05023599800563, 0.04212441943338591
222.61069351205603, 0.05813080196867213
387.0006211209979, 0.08183150288464525
672.7865511992001, 0.11182680897752031
1169.6150310130702, 0.19911968028489946
2033.333333333333, 0.24912250022780966
1601.475, 0.24927838808428437
921.2049999999999, 0.1532369896562695
529.895, 0.09397656153144258
