0.055598289606067636, 0.0001591667009856504
0.10693118124567037, 0.0003136019740758697
0.20565880000284298, 0.0004941771129016238
0.39553983717281627, 0.0007333299250545795
0.7607345894682613, 0.001288359361371715
1.4631070279795744, 0.002182396612408601
2.8139671903436376, 0.0037692788548209506
5.412052021419865, 0.007056222544223913
10.40890141969919, 0.012052404479326545
20.019251170573778, 0.009509499387220292
38.502662410852345, 0.009686929948415104
74.05147176049815, 0.012112298642029928
142.42185154318673, 0.016012330435269628
273.9173620018416, 0.021924439422732783
526.8202905176834, 0.029085182666042545
1013.2239025406129, 0.03727325957059752
1948.7151409274957, 0.04868307322079784
3747.9284597985047, 0.06740496248570284
7208.322778814083, 0.09144007215399064
13863.636363636353, 0.1174878626664558
10535.98, 0.12465587489066669
5478.125, 0.078642774392412
2848.325, 0.056189536305920045
