0.055598289606067636, 0.0
0.11039748425213315, 0.0
0.2192082636993551, 0.00043525966567371603
0.43526592294749245, 0.0008406833372815027
0.8642759195391128, 0.0015952589394948198
1.7161299006292494, 0.003146575340796854
3.4075944605795283, 0.006441731173292358
6.7662127461998365, 0.01227771658284416
13.435177060080983, 0.0243511620841377
26.677254973560242, 0.027027090061325056
52.97108700107112, 0.03304932383606102
105.18083891524839, 0.017521502783605928
208.84995006222385, 0.006805403816457417
414.6981721275273, 0.0061190894217582285
823.4360310580637, 0.006514758250235071
1635.037101239366, 0.0067346949028860015
3246.5743805188436, 0.007779168447902728
6446.48687191976, 0.013163398588959397
12800.320620774595, 0.010335399758578811
25416.666666666653, 0.0
19108.495, 0.0
9623.404999999999, 0.009209978675522031
4846.53, 0.011432499094360319
