0.055598289606067636, 0.00025275713036879756
0.10599512912106915, 0.00038631759743713525
0.20207397524268464, 0.0005943877157081199
0.3852430938004714, 0.0009484598576246602
0.7344451018134337, 0.001617013517866448
1.4001798247864792, 0.0027902365747439844
2.669367032196653, 0.004726544940721787
5.089003731120735, 0.008604491946346118
9.701910101904957, 0.014045407068659605
18.496166361567234, 0.011201685074040516
35.26193981199628, 0.011437642170171366
67.22497921993656, 0.014954712090140182
128.1607834173506, 0.019673214488869956
244.3315951413178, 0.026745043561341168
465.80495836933835, 0.03473228417289103
888.0319351083782, 0.044802779646030085
1692.984807488989, 0.05897042493302921
3227.583879670644, 0.08073566915826527
6153.213929757937, 0.11907963440183264
11730.769230769225, 0.15522994535072485
8941.99, 0.12686401196529123
4690.395, 0.09062240297659707
2460.2799999999997, 0.06743540499273677
