0.055598289606067636, 0.0
0.09495899761539489, 0.00030674706040902203
0.162185047274125, 0.0
0.27700365652391545, 0.0007151287826308017
0.47310789137008824, 0.0011831354270243773
0.8080437626184418, 0.0016751319823118443
1.380096874765108, 0.0023392462531059825
2.357133947256025, 0.004073667162838022
4.02586263826763, 0.0029505444165563895
6.87596477114365, 0.008974842582744703
11.743791525473684, 0.01117184443462405
20.057787377355716, 0.017212515645258036
34.25766147181181, 0.022392896029241754
58.51031060595369, 0.031055505072300114
99.93257858602207, 0.04261177008716731
170.6796658473953, 0.05609389429595057
291.5120248668659, 0.07861456005345979
497.88743269488344, 0.12283042381293863
850.365935157272, 0.19056410681013283
1452.3809523809516, 0.24882862511198464
1151.375, 0.2472727067915066
674.13, 0.15745363031361992
394.7, 0.10383489035727746
