0.055598289606067636, 0.0008406833372815027
0.10519981250379673, 0.001926004396379123
0.19905289585790067, 0.0035398781242476354
0.3766361783961, 0.0067673276189447905
0.7126488176192413, 0.012610042104135511
1.3484321644746209, 0.0243511620841377
2.5514240074992833, 0.046795869309018814
4.82765439563662, 0.08998463833672331
9.134603615552178, 0.17658290814209035
17.283959532951524, 0.06521546792580062
32.70369133785866, 0.06177772019952372
61.88000064932402, 0.03117012792589961
117.08569655950836, 0.027326004155349227
221.5426663699468, 0.02560892672159033
419.189998988136, 0.024990962034369645
793.1666533174433, 0.031095935547025454
1500.7832759688479, 0.037500556352582176
2839.6938171912093, 0.059519101606113484
5373.101569371009, 0.0
10166.666666666664, 0.0
7769.885, 0.0
4106.395, 0.06902208659818992
2170.235, 0.04431917165678553
