0.055598289606067636, 0.0
0.11039748425213315, 0.0
0.2192082636993551, 0.0001591667009856504
0.43526592294749245, 0.00025275713036879756
0.8642759195391128, 0.00038631759743713525
1.7161299006292494, 0.0005943877157081199
3.4075944605795283, 0.001047717719556779
6.7662127461998365, 0.0018093733945099008
13.435177060080983, 0.003140668509397325
26.677254973560242, 0.002837188925994219
52.97108700107112, 0.003932471144667399
105.18083891524839, 0.004612405572108861
208.84995006222385, 0.0037313862514614243
414.6981721275273, 0.004933134617207143
823.4360310580637, 0.0065844821403613415
1635.037101239366, 0.008610988183728286
3246.5743805188436, 0.011960416248795819
6446.48687191976, 0.015410232177572963
12800.320620774595, 0.032624364955688094
25416.666666666653, 0.018956437205456752
19108.495, 0.03586276147867024
9623.404999999999, 0.023546121440460893
4846.53, 0.014160125034163756
