0.055598289606067636, 0.0
0.11039748425213315, 0.0
0.2192082636993551, 0.0002534179749369623
0.43526592294749245, 0.00048149415238022834
0.8642759195391128, 0.0008869629122793679
1.7161299006292494, 0.0018161621537148961
3.4075944605795283, 0.0035436280162018563
6.7662127461998365, 0.006314331208845977
13.435177060080983, 0.012417480771911151
26.677254973560242, 0.011589648720450407
52.97108700107112, 0.0166706791179365
105.18083891524839, 0.010808276631061443
208.84995006222385, 0.005110595827895406
414.6981721275273, 0.004695981681021957
823.4360310580637, 0.0049674486015171175
1635.037101239366, 0.005101432692078477
3246.5743805188436, 0.006128189672493471
6446.48687191976, 0.01077059737952476
12800.320620774595, 0.0009041591320072332
25416.666666666653, 0.0
19108.495, 0.0
9623.404999999999, 0.001534330648254699
4846.53, 0.008836876044900886
