0.055598289606067636, 5.196630764443873e-06
0.10693118124567037, 2.2085680748886457e-05
0.20565880000284298, 4.936799226221679e-05
0.39553983717281627, 0.00010068472106110003
0.7607345894682613, 0.00022670301709886397
1.4631070279795744, 0.00048523539762994664
2.8139671903436376, 0.0011062327739809895
5.412052021419865, 0.0024294248823775104
10.40890141969919, 0.00631195764226264
20.019251170573778, 0.007564345656493613
38.502662410852345, 0.011470912833664295
74.05147176049815, 0.016962158424001856
142.42185154318673, 0.024360367191886195
273.9173620018416, 0.03476356403239004
526.8202905176834, 0.04746063731684825
1013.2239025406129, 0.06151584579321669
1948.7151409274957, 0.07428942245295263
3747.9284597985047, 0.07803374432186892
7208.322778814083, 0.06889465714903742
13863.636363636353, 0.027471338957386977
