0.055598289606067636, 1.7538628829998073e-05
0.09928949933835113, 9.224019606887875e-05
0.17731489131609082, 0.00011692419219998713
0.31665554657795525, 0.00027996848243441367
0.5654952860097675, 0.00048393623993883564
1.0098825741570994, 0.0008587432338243501
1.803485968525922, 0.0020903447249975477
3.2207325107918034, 0.0037435228869362553
5.751704247829405, 0.005316802850871638
10.271607978510993, 0.008074009420843749
18.343420648588946, 0.015295966474594028
32.758364785243366, 0.022592248651793507
58.50110968728288, 0.03143313532671093
104.47346371163138, 0.04642548128920615
186.57260825051029, 0.06464957819597664
333.18832278289756, 0.09577606040941536
595.0201344123446, 0.1301103179753407
1062.609149681333, 0.15945119124872528
1897.647053744913, 0.1818624269954575
3388.88888888889, 0.32608695652173914
2643.27, 0.24107722258273848
1480.13, 0.1756002595717067
828.8149999999999, 0.15055158987670345
