0.055598289606067636, 7.193627475577915e-05
0.10693118124567037, 0.00016769705420663564
0.20565880000284298, 0.0003228008202891319
0.39553983717281627, 0.0005345248505930762
0.7607345894682613, 0.0010908221878505957
1.4631070279795744, 0.0019789540799119583
2.8139671903436376, 0.003555064372386206
5.412052021419865, 0.0068575900588892244
10.40890141969919, 0.01190683513239331
20.019251170573778, 0.00942071916170554
38.502662410852345, 0.009719750393040356
74.05147176049815, 0.012212961859125196
142.42185154318673, 0.01632796549490757
273.9173620018416, 0.022650542415126616
526.8202905176834, 0.030431150229322582
1013.2239025406129, 0.03962588070689713
1948.7151409274957, 0.051420742345908155
3747.9284597985047, 0.06569730040628194
7208.322778814083, 0.08359623469982243
13863.636363636353, 0.09166481616020408
