0.03229576226682193, 0.0
0.06509400184942536, 0.0
0.13120077618127562, 3.227914294492512e-05
0.26444285466405293, 4.928885206290849e-05
0.5330000737667399, 0.0001234258430544331
1.0742928902210487, 0.0002503804947079196
2.1653002894040343, 0.0006479743019562633
4.364289651333797, 0.0014039047773787496
8.79648160301206, 0.003288224494318583
17.72982427242922, 0.006233734682006309
35.735500046243814, 0.00903871790759815
72.02699496243355, 0.009849748754390859
145.17463017461606, 0.013823440370980176
292.60797645839364, 0.019205723524991836
589.7685276283647, 0.02637020626962964
1188.7130364349036, 0.029455527290596518
2395.9208007801567, 0.03370571679253494
4829.118809723246, 0.0393041836154485
9733.372017484617, 0.0833783442637639
19618.181818181805, 0.057034193040113215
14675.775000000001, 0.11083563424743564
7281.245000000001, 0.0555452808136888
3612.52, 0.03506458719290878
