0.03229576226682193, 6.946571832068015e-07
0.05780597478105919, 0.0
0.10346653820341226, 0.0
0.18519408362794176, 0.0
0.331477685504143, 1.8929408242385343e-05
0.5933097528532787, 6.356113226342234e-05
1.0619612668510048, 0.00021152311228647108
1.9007975629395701, 0.001978557322068772
3.402225192252633, 0.003007344610398046
6.0896207384113, 0.0028532837757834525
10.899772543608673, 0.007575171953372746
19.50943196725255, 0.009633047688727976
34.9198053594283, 0.013812957352335495
62.50273244178319, 0.019531525007794506
111.87323418554965, 0.02987234741955513
200.24117407654526, 0.04300089223753346
358.41037480913786, 0.060750636132315516
641.5163982294752, 0.119853111265325
1148.246027801163, 0.1056557945870923
2055.2380952380945, 0.08587786259541985
1601.745, 0.15917765440666204
894.885, 0.07919847328244274
499.96500000000003, 0.08884888965995837
