0.03229576226682193, 0.0
0.05883878258961368, 8.265145879824778e-05
0.10719679901113253, 8.265145879824778e-05
0.19529897140090688, 0.00034897282603704624
0.35580995498094287, 0.0009826340101569458
0.6482406085163475, 0.0027780073651633287
1.1810121685666466, 0.007994232764874968
2.1516543764433407, 0.0316187747380408
3.9200413669628724, 0.05771826872744303
7.141818168818154, 0.1253574579820766
13.011486864991587, 0.09300385980565198
23.705278744987208, 0.028969654199012
43.18801119413083, 0.024970926476288926
78.68307860749334, 0.02781698423900259
143.35058938750845, 0.03552378920418178
261.1665918698442, 0.04567211806940566
475.8124050995593, 0.07110091743119265
866.8698520194165, 0.09436435124508516
1579.326920202781, 0.12385321100917432
2877.3333333333335, 0.13302752293577982
2228.33, 0.16972477064220184
1223.1, 0.09541284403669724
671.34, 0.07696228338430174
