0.03229576226682193, 0.0
0.06509400184942536, 0.0
0.13120077618127562, 5.510097253216519e-05
0.26444285466405293, 0.00010561019735331663
0.5330000737667399, 0.00040407379856921143
1.0742928902210487, 0.0010331432349780973
2.1653002894040343, 0.0029341267873377965
4.364289651333797, 0.007805971108723402
8.79648160301206, 0.02449238229054743
17.72982427242922, 0.024496974038258443
35.735500046243814, 0.0157451029010662
72.02699496243355, 0.014979500284973617
145.17463017461606, 0.013984325669501916
292.60797645839364, 0.012338513387006178
589.7685276283647, 0.01262415649404807
1188.7130364349036, 0.01383921629606593
2395.9208007801567, 0.016134134767478645
4829.118809723246, 0.014089121887287023
9733.372017484617, 0.014525993883792046
19618.181818181805, 0.0015290519877675841
14675.775000000001, 0.0011467889908256881
7281.245000000001, 0.013761467889908254
3612.52, 0.018348623853211007
