0.03229576226682193, 5.209928874051011e-07
0.06509400184942536, 5.209928874051011e-07
0.13120077618127562, 1.5629786622153035e-06
0.26444285466405293, 2.6049644370255055e-06
0.5330000737667399, 7.641229015274816e-06
1.0742928902210487, 2.0839715496204044e-05
2.1653002894040343, 5.7830210501966234e-05
4.364289651333797, 0.00015820817347534904
8.79648160301206, 0.0005473898603669595
17.72982427242922, 0.0017977727901392021
35.735500046243814, 0.009452547620486551
72.02699496243355, 0.009258106775660968
145.17463017461606, 0.013182127233955277
292.60797645839364, 0.019149116968091885
589.7685276283647, 0.028040960994717857
1188.7130364349036, 0.03950587515731777
2395.9208007801567, 0.059262006748187324
4829.118809723247, 0.09211113314166748
9733.372017484617, 0.16024751330094844
19618.181818181805, 0.29718945176960443
