0.03229576226682193, 0.0
0.06452418322383698, 2.283074611610802e-05
0.12891382424437758, 4.928885206290849e-05
0.25755884462200906, 6.715668152263315e-05
0.5145806420052536, 0.000155632279586579
1.0280883093537205, 0.0003336233052150089
2.0540329067003653, 0.0008707633083931901
4.103782859334473, 0.0017687015050194532
8.199008741111717, 0.004559956151440458
16.380921369638035, 0.008571669338037997
32.727686161959184, 0.011051281877071138
65.38713039066137, 0.012078696641110968
130.63791920905558, 0.01681081308143441
261.003439565367, 0.023494268552102685
521.462649416036, 0.03175862676362926
1041.8379741999122, 0.03574284079325636
2081.5035663637696, 0.04309755753787822
4158.666898384454, 0.04815307712041956
8308.662378095632, 0.07880364617232154
16599.999999999996, 0.06483432049035566
12454.33, 0.11951153091130166
6233.665, 0.05919232932361215
3120.085, 0.040896036256833246
