0.03229576226682193, 3.214223397709636e-05
0.05780597478105919, 0.0
0.10346653820341226, 0.0
0.18519408362794176, 0.0
0.331477685504143, 0.0009275330376247807
0.5933097528532787, 0.00282851658998448
1.0619612668510048, 0.008476366274531412
1.9007975629395701, 0.015951731548061822
3.402225192252633, 0.04999035732980687
6.0896207384113, 0.015154460166899912
10.899772543608673, 0.1158285913366624
19.50943196725255, 0.02220930715264228
34.9198053594283, 0.037629596479451036
62.50273244178319, 0.02991623454327882
111.87323418554965, 0.039594398841139536
200.24117407654526, 0.054390563564875496
358.41037480913786, 0.0764525993883792
641.5163982294752, 0.11620795107033637
1148.246027801163, 0.15290519877675843
2055.2380952380945, 0.1628440366972477
1601.745, 0.19036697247706422
894.885, 0.12270642201834862
499.96500000000003, 0.09575688073394495
