0.03229576226682193, 3.214223397709636e-05
0.06044215333888716, 4.591747711013766e-05
0.1131186769972792, 0.0002387708809727158
0.21170382553829736, 0.00041784904170225274
0.39620786714671224, 0.0009183495422027532
0.7415108044920466, 0.0022086306489976218
1.3877520331388116, 0.00696108952989687
2.5972051840838177, 0.020736332662938166
4.860720508529879, 0.011575795979465705
9.096933891411974, 0.05668512549246493
17.025090432477636, 0.048342681565865186
31.862791100161754, 0.03683296237989252
59.63183929736114, 0.020820591233435274
111.60215835480456, 0.02814411314984709
208.8656311159938, 0.03184025903939559
390.8961305460659, 0.03754672103295956
731.5697851267325, 0.05504587155963301
1369.1472201649299, 0.05963302752293576
2562.3859112232435, 0.07339449541284404
4795.555555555553, 0.06192660550458716
3678.9750000000004, 0.11926605504587157
1965.77, 0.07247706422018349
1050.3600000000001, 0.06559633027522936
