0.03229576226682193, 0.0
0.06509400184942536, 0.0
0.13120077618127562, 0.00032753036522994566
0.26444285466405293, 0.0006085581671341751
0.5330000737667399, 0.002004843498985017
1.0742928902210487, 0.004750959116982381
2.1653002894040343, 0.011500619502428183
4.364289651333797, 0.026675523482647994
8.79648160301206, 0.06266261114225506
17.72982427242922, 0.041078001119230406
35.735500046243814, 0.017470031173116293
72.02699496243355, 0.015831797864425623
145.17463017461606, 0.014966252251791335
292.60797645839364, 0.013713596177813873
589.7685276283647, 0.015291611198151053
1188.7130364349036, 0.019162734694433362
2395.9208007801567, 0.02603550716046806
4829.118809723246, 0.03438494154171445
9733.372017484617, 0.056827479920942295
19618.181818181805, 0.022524342297639503
14675.775000000001, 0.016893256723229628
7281.245000000001, 0.044936095185414644
3612.52, 0.035558194677478824
