0.03229576226682193, 0.00017646893545449698
0.06044215333888716, 0.0002839467877738346
0.1131186769972792, 0.001145730768902549
0.21170382553829736, 0.0018430305231159343
0.39620786714671224, 0.0035387572155314868
0.7415108044920466, 0.007745331129493097
1.3877520331388116, 0.016938715207444537
2.5972051840838177, 0.03830441554983729
4.860720508529879, 0.010741303186743462
9.096933891411974, 0.06313652117505252
17.025090432477636, 0.05382811952300428
31.862791100161754, 0.04520250566781825
59.63183929736114, 0.02012646846494718
111.60215835480456, 0.02848023676322116
208.8656311159938, 0.026993462127541765
390.8961305460659, 0.031023807937886234
731.5697851267325, 0.05177347893867282
1369.1472201649299, 0.07432764308944408
2562.3859112232435, 0.11634116378873761
4795.555555555553, 0.16470700738879573
3678.9750000000004, 0.2130930210887511
1965.77, 0.10349095571264658
1050.3600000000001, 0.06467889908256881
