0.03229576226682193, 0.0
0.0657851430307456, 0.0
0.13400163798027376, 0.00016376518261497283
0.2729558400899752, 0.0006085581671341751
0.5559998501674428, 0.0011370580375416038
1.1325488888031028, 0.0029849468219745106
2.3069556316298643, 0.0073886228901478305
4.699173994981512, 0.01795286743865172
9.572024677175685, 0.041587081821368936
19.49782164233754, 0.01412676238804877
39.71626292428007, 0.011097175094845861
80.9003984960771, 0.013566873239527539
164.7907933659824, 0.0115491017191323
335.67208670185636, 0.012103110658530003
683.7502720224074, 0.012984029282268243
1392.7712580580496, 0.01648201728632587
2837.0179240075418, 0.020378199394615822
5778.889142472955, 0.028367105452674415
11771.360144886781, 0.047904762470503445
23977.777777777763, 0.0
17874.57, 0.016893256723229628
8775.125, 0.037695705970737174
4307.955, 0.025085277516601712
