0.03229576226682193, 2.283074611610802e-05
0.06509400184942536, 2.283074611610802e-05
0.13120077618127562, 3.952341461870652e-05
0.26444285466405293, 5.429974619818811e-05
0.5330000737667399, 0.0001131619791731003
1.0742928902210487, 0.00025684990446066014
2.1653002894040343, 0.0006472314069040209
4.364289651333797, 0.0013941617699057278
8.79648160301206, 0.003272064222551328
17.72982427242922, 0.006215832999459136
35.735500046243814, 0.009030001165440735
72.02699496243355, 0.009848365420721468
145.17463017461606, 0.013815826819005741
292.60797645839364, 0.019198341631624566
589.7685276283647, 0.02636136950852862
1188.7130364349036, 0.029551448659441273
2395.9208007801567, 0.03423529342586929
4829.118809723247, 0.038947657120291405
9733.372017484617, 0.06073584647837066
19618.181818181805, 0.1038274232581069
