0.03229576226682193, 0.0
0.06720410230548376, 0.0
0.13984470561098067, 0.0
0.2910022010044178, 0.0
0.6055451339358127, 0.00032753036522994566
1.2600760680424359, 0.0006085581671341751
2.622086461059052, 0.001467550153148223
5.4562875874233665, 0.003813332438822267
11.353963600668559, 0.00973324450101873
23.626410334830457, 0.011790579046290328
49.164087973376475, 0.016283821281479254
102.30532323780726, 0.009096209334381024
212.88667387585886, 0.00637515183087289
442.9948948851742, 0.0060292239808500655
921.8260275359623, 0.006272288361633816
1918.2235164651152, 0.007450497353604075
3991.622441986478, 0.008637329098085064
8306.148674859001, 0.010057548652880156
17284.226354466336, 0.0045048684595279005
35966.66666666666, 0.0
26625.449999999997, 0.0
12795.189999999999, 0.011751090327935318
6148.885, 0.007851395255729749
