0.03229576226682193, 0.0
0.06452418322383698, 0.00016376518261497283
0.12891382424437758, 0.0006085581671341751
0.25755884462200906, 0.0009810126868261386
0.5145806420052536, 0.002674416142974813
1.0280883093537205, 0.006415999307552943
2.0540329067003653, 0.015371391725507992
4.103782859334473, 0.034519160265872234
8.199008741111717, 0.08359776803754967
16.380921369638035, 0.06148155812848611
32.727686161959184, 0.04118561499104495
65.38713039066137, 0.02028758070926369
130.63791920905558, 0.016080197064512542
261.003439565367, 0.016417718855667545
521.462649416036, 0.019418905714323694
1041.8379741999122, 0.021025414756137575
2081.5035663637696, 0.03022848768777407
4158.666898384454, 0.05036160844045459
8308.662378095632, 0.06321109054616021
16599.999999999996, 0.022524342297639503
12454.33, 0.06128618906370361
6233.665, 0.04551177713987255
3120.085, 0.037084085359113825
