0.03229576226682193, 0.0
0.06452418322383698, 5.209928874051011e-07
0.12891382424437758, 2.0839715496204045e-06
0.25755884462200906, 3.125957324430607e-06
0.5145806420052536, 1.0767186339705424e-05
1.0280883093537205, 2.8654608807280563e-05
2.0540329067003653, 8.370619057641958e-05
4.103782859334473, 0.00021239143376547957
8.199008741111717, 0.0009027070095772385
16.380921369638035, 0.0037445495460762634
32.727686161959184, 0.01119891577906845
65.38713039066137, 0.011338581284571797
130.63791920905558, 0.01610978419786691
261.003439565367, 0.023319330561974896
521.462649416036, 0.03366223563733383
1041.8379741999122, 0.046713202977235295
2081.5035663637696, 0.0706384455239417
4158.666898384454, 0.10578591256072171
8308.662378095632, 0.1482477446217904
16599.999999999996, 0.013127457783946332
12454.33, 0.18710964607911174
6233.665, 0.1261493754337266
3120.085, 0.08378576968608402
