0.03229576226682193, 0.0
0.06452418322383698, 2.7550486266082595e-05
0.12891382424437758, 0.00010561019735331663
0.25755884462200906, 0.0001607111698854818
0.5145806420052536, 0.0005418262298996244
1.0280883093537205, 0.001455584024391364
2.0540329067003653, 0.004155531678467458
4.103782859334473, 0.010331432349780975
8.199008741111717, 0.038556905529382596
16.380921369638035, 0.043116511006419264
32.727686161959184, 0.03274834467495018
65.38713039066137, 0.019055624832991898
130.63791920905558, 0.015698761913244853
261.003439565367, 0.01478578427006324
521.462649416036, 0.014963926249220626
1041.8379741999122, 0.016010073754272346
2081.5035663637696, 0.02
4158.666898384454, 0.024847094801223237
8308.662378095632, 0.018348623853211007
16599.999999999996, 0.0015290519877675841
12454.33, 0.016055045871559634
6233.665, 0.014908256880733946
3120.085, 0.0215866162978953
