0.03229576226682193, 0.0
0.0657851430307456, 0.0
0.13400163798027376, 5.209928874051011e-07
0.2729558400899752, 2.0839715496204045e-06
0.5559998501674428, 3.6469502118357076e-06
1.1325488888031028, 1.1809172114515624e-05
2.3069556316298643, 3.369087338552988e-05
4.699173994981512, 9.898864860696922e-05
9.572024677175685, 0.0002742159230708849
19.49782164233754, 0.0010376441674151598
39.71626292428007, 0.00719213314633162
80.9003984960771, 0.008201470033531102
164.7907933659824, 0.00971016171558589
335.67208670185636, 0.014241459801296123
683.7502720224074, 0.02083778181106425
1392.7712580580496, 0.0296206338191071
2837.0179240075418, 0.04464010332330943
5778.889142472955, 0.06628362656651836
11771.360144886781, 0.1115296916823634
23977.777777777763, 0.0068817950497339795
17874.57, 0.010626301179736295
8775.125, 0.09078764746703677
4307.955, 0.05692755634673987
