0.03229576226682193, 0.0
0.06509400184942536, 0.0
0.13120077618127562, 1.0419857748102023e-06
0.26444285466405293, 2.0839715496204045e-06
0.5330000737667399, 7.988557606878218e-06
1.0742928902210487, 2.0318722608798943e-05
2.1653002894040343, 5.852486768517302e-05
4.364289651333797, 0.00015994481643336606
8.79648160301206, 0.000551210474874597
17.72982427242922, 0.0018047193619712702
35.735500046243814, 0.009462620149643051
72.02699496243355, 0.009257585260736603
145.17463017461606, 0.013182127233955279
292.60797645839364, 0.01913778696766701
589.7685276283647, 0.027972138264864273
1188.7130364349036, 0.039211823239511175
2395.9208007801567, 0.057915958745124306
4829.118809723246, 0.08602656885099631
9733.372017484617, 0.13992019430950728
19618.181818181805, 0.010062456627342122
14675.775000000001, 0.06063497571131159
7281.245000000001, 0.10929909784871619
3612.52, 0.07264691917162788
