0.03229576226682193, 0.0
0.05883878258961368, 4.37009905035739e-05
0.10719679901113253, 4.564035142791959e-05
0.19529897140090688, 0.00010770925075030836
0.35580995498094287, 0.00020705758827321459
0.6482406085163475, 0.00045749675925323835
1.1810121685666466, 0.0009405184166948403
2.1516543764433407, 0.0036776585892258134
3.9200413669628724, 0.004527260822572546
7.141818168818154, 0.009300704525275314
13.011486864991587, 0.009359528302759847
23.705278744987208, 0.010860321068853025
43.18801119413083, 0.014370683627730323
78.68307860749334, 0.019951661659234295
143.35058938750845, 0.028538369752861253
261.1665918698442, 0.0412345703476273
475.8124050995593, 0.06480677428017195
866.8698520194165, 0.09157229579624304
1579.326920202781, 0.16501239269720822
2877.3333333333335, 0.20344132772896847
2228.33, 0.24891673782612536
1223.1, 0.11200866352425581
671.34, 0.07494649266283776
