0.03229576226682193, 0.00017646893545449698
0.05780597478105919, 0.0
0.10346653820341226, 0.0
0.18519408362794176, 0.0
0.331477685504143, 0.003309423920509648
0.5933097528532787, 0.00686163836529786
1.0619612668510048, 0.01560145060015407
1.9007975629395701, 0.01438323028480835
3.402225192252633, 0.05770039229804235
6.0896207384113, 0.016330179565338783
10.899772543608673, 0.13874349106416037
19.50943196725255, 0.024278768863092364
34.9198053594283, 0.04370177986699587
62.50273244178319, 0.029202434460725037
111.87323418554965, 0.03749233967707225
200.24117407654526, 0.03851231698512805
358.41037480913786, 0.054870387969413195
641.5163982294752, 0.08598113712238255
1148.246027801163, 0.16609756102752624
2055.2380952380945, 0.2343156803561582
1601.745, 0.24278365272078922
894.885, 0.13805834445088475
499.96500000000003, 0.06723401944021117
