0.03229576226682193, 0.0
0.06404003687145851, 0.00032753036522994566
0.12698651571110098, 0.0006085581671341751
0.2518045891324677, 0.0013024466278992101
0.4993093223568782, 0.003331546340999524
0.9900923579328795, 0.007997571041216813
1.963277738556698, 0.018909361764690533
3.89303022877549, 0.042397592861946706
7.719582443440444, 0.10374908924327599
15.30734404798545, 0.07101631686875955
30.353297412154692, 0.060919734416166556
60.18827700628895, 0.016734407162551732
119.34876925546551, 0.016890305187201096
236.65951961552278, 0.0171308165822053
469.2778029806551, 0.021608236931335553
930.5421422646459, 0.022684669665860677
1845.194196338691, 0.033365804668110365
3658.8795580132683, 0.04539903719852153
7255.27949665742, 0.07435721804753075
14386.666666666664, 0.0
10820.975, 0.08171491875160482
5457.08, 0.06372343790900768
2752.035, 0.04237433168364226
