0.03229576226682193, 6.946571832068015e-07
0.06044215333888716, 8.683214790085019e-07
0.1131186769972792, 4.862600282447611e-06
0.21170382553829736, 8.335886198481616e-06
0.39620786714671224, 1.858207965078194e-05
0.7415108044920466, 4.5326381204243796e-05
1.3877520331388116, 0.00015925015925015925
2.5972051840838177, 0.0005058840936703532
4.860720508529879, 0.0033626617596083245
9.096933891411974, 0.005743599255049635
17.025090432477636, 0.008063066174205425
31.862791100161754, 0.011314360918001552
59.63183929736114, 0.016416069087824812
111.60215835480456, 0.023983272611612302
208.8656311159938, 0.035633615000476244
390.8961305460659, 0.05449533502968617
731.5697851267325, 0.0754684247050659
1369.1472201649299, 0.07338653712699514
2562.3859112232435, 0.12222414989590562
4795.555555555553, 0.13575641915336573
3678.9750000000004, 0.33162734212352535
1965.77, 0.12199861207494796
1050.3600000000001, 0.09533310201249133
