0.07442861828518671, 3.639602405044249e-05
0.3743695822407843, 0.00036263045907955786
1.8830469695154008, 0.002076471235808405
9.471565152749319, 0.0021843496885032136
47.64116237942922, 0.0012133752778643073
239.63097083319118, 0.001267895681628158
426.6780520590079, 0.00182365825597546
759.7271733109933, 0.002501315491478131
1352.7421321106285, 0.003219888295804953
2408.6426552471585, 0.005336979059164597
4288.740110152513, 0.009784512242955266
7636.372166855782, 0.015964094201571438
13597.04210863361, 0.021454061140690144
24210.390754184224, 0.013584879480583205
43108.1271784922, 0.028089401519883348
76756.7383651535, 0.02531993078472871
136670.21209393037, 0.028790874124742745
243349.92955198005, 0.05473268149333581
433299.8925343998, 0.0
771517.7777777779, 0.13288408610750357
602408.835, 0.0
338324.91000000003, 0.030487789293166874
190010.07, 0.04347377120024739
