0.07442861828518671, 4.118074672430324e-07
0.4238649161646571, 2.4708448034581946e-06
2.4138761580507433, 4.4269302728625987e-05
13.74682802042126, 0.00020683030042281298
78.28706538766293, 6.372720555585926e-05
445.8384579997384, 9.358324693097911e-05
829.8402531146019, 0.0001222038659043699
1544.5837687015114, 0.0001864458307942829
2874.9376878042226, 0.00036568503091181275
5351.128812978185, 0.0005811632881467295
9960.069637180697, 0.0011364155653508028
18538.70288767673, 0.0021129175374137703
34506.13472365601, 0.003921780736767012
64226.356114622395, 0.007346022126332239
119544.67959966336, 0.013467494029049105
222508.81546326145, 0.025122200750255768
414156.2228002571, 0.04595289519695567
770870.0283494935, 0.07878226884706367
1434822.3397192429, 0.1552195824334053
2670638.4615384624, 0.2941478967396894
2052730.4, 0.22558195344372453
1102846.185, 0.1172330703339651
592513.125, 0.06363409294603369
