0.07442861828518671, 5.14684407025356e-05
0.35572605809833296, 0.00040340222478232115
1.7001662979327887, 0.002054469390630956
8.12581865967055, 0.0017410588767584859
38.836747305327634, 0.0013404007495348984
185.617351854493, 0.0013861418324545604
324.528437861925, 0.002116578209959063
567.396883582638, 0.0027293436401815327
992.0216102487236, 0.003857461856905471
1734.4241811598547, 0.005913722778327635
3032.4210774378175, 0.010161462260048664
5301.804305299647, 0.01479133873287026
9269.53354230215, 0.015650660529997865
16206.605740988092, 0.020819901170821394
28335.198146183742, 0.024384816769775282
49540.50631051791, 0.014092752570554201
86615.30273551345, 0.0234402845920585
151435.890076316, 0.05472603015144704
264766.47981284827, 0.02180601730053653
462910.6666666669, 0.12681080133162057
363838.57499999995, 0.0
208101.185, 0.037414225951864166
119025.595, 0.04117137238958238
