0.007442861828518671, 3.088556004322743e-07
0.021174589483115715, 3.088556004322743e-07
0.0602407044640396, 5.147593340537905e-07
0.17138195180678334, 1.2354224017290973e-06
0.4875735379661099, 2.1619892030259198e-06
1.3871236289385072, 1.1633560949615665e-05
3.9463010441171087, 6.249178315413018e-05
11.227039613417315, 0.00012879278538025838
31.940396100582173, 0.00012385109577334202
90.8689145304937, 6.0638649551536525e-05
258.51775920210565, 5.260840394029739e-05
735.4707841310315, 9.255372826287154e-05
2092.379556359343, 0.00018747534946239052
5952.720763807438, 0.0005082733664447126
16935.20871209404, 0.0014622039285872629
48179.8669048846, 0.004107071314749093
137069.44003085568, 0.011496773889758356
389956.0666587803, 0.03290455975344633
1109406.545250023, 0.08562743551944418
3156209.090909091, 0.2450546813397785
