0.07442861828518671, 1.8198012025221247e-05
0.4397416030159733, 8.535638497307305e-05
2.598095757765051, 0.0010018614952971205
15.350154545808488, 0.005374023141254925
90.69228640860321, 0.0010606387975664446
535.831140297285, 0.0007330666854561158
1010.528392639965, 0.0009348041228318902
1905.7638788312238, 0.0009904259747979926
3594.095908942793, 0.001294212552410938
6778.135290611885, 0.0023997634562889663
12782.94157468727, 0.004355922282638287
24107.455560556893, 0.009664098669376623
45464.45043252446, 0.018605584818380715
85741.78423513893, 0.009722072781899191
161701.14218659676, 0.018220309743728152
304953.5254916505, 0.025483446702566425
575114.3835612012, 0.021846980348613855
1084612.9869977068, 0.02519640013176857
2045480.6299222035, 0.056415254621534454
3857588.8888888885, 0.08534670437407298
2951534.76, 0.040116732451097606
1565046.81, 0.032240937675773775
829863.685, 0.025334369284923153
