0.07442861828518671, 1.6547294484257235e-06
0.343955989348847, 1.4892565035831513e-05
1.5895192646951257, 6.409318730235636e-05
7.34562435624412, 7.7000077000077e-05
33.94623669024619, 5.251008116337629e-05
156.87529467126484, 0.00010369637876801202
271.00036949751996, 0.00013767349010902023
468.15019803908393, 0.00015962623412480147
808.7243878316534, 0.0002594569488993117
1397.0626055765972, 0.00042662853914316845
2413.410493448307, 0.0006831172880512457
4169.140442695108, 0.0008165790780490266
7202.144880907007, 0.0009619976489603997
12441.627140783838, 0.001460716933496303
21492.775898003703, 0.0029376515318492395
37128.53717401365, 0.002889819508730683
64139.14513528014, 0.00310778047167732
110799.67733185593, 0.009275585923150392
191405.24044949593, 0.00040408493130556167
330650.47619047627, 0.036588053780030855
261027.86, 0.0
151102.46, 0.007879656160458453
87469.415, 0.0028495859441418176
