0.07442861828518671, 2.8710099067572865e-05
0.4238649161646571, 0.00014282426064569828
2.4138761580507433, 0.0012057338235402883
13.74682802042126, 0.0024770290570469734
78.28706538766293, 0.0005852457134045555
445.8384579997384, 0.00036034850578857023
829.8402531146019, 0.00035108811600693165
1544.5837687015114, 0.0003960013278767252
2874.9376878042226, 0.00048477310994513484
5351.128812978185, 0.0004939577569897965
9960.069637180697, 0.00011525956168873918
18538.70288767673, 0.00024500646591776534
34506.13472365601, 0.000494226974166887
64226.356114622395, 0.0009257535113126016
119544.67959966336, 0.0023822537141883686
222508.81546326145, 0.0054759086481798456
414156.2228002571, 0.013637308490512045
770870.0283494935, 0.030909198565332193
1434822.3397192429, 0.08337144424729821
2670638.4615384624, 0.24607105318070577
2052730.4, 0.1559062755688648
1102846.185, 0.05480865530509135
592513.125, 0.022270935504007577
