0.07442861828518671, 6.618917793702893e-07
0.4310052275795906, 2.537251820919443e-06
2.495888147340591, 4.633242455592026e-05
14.453322710302631, 0.0002315518074830396
83.69707496336899, 4.070634443127279e-05
484.67750273301203, 4.964188345277171e-05
907.5298659912356, 6.398287200579464e-05
1699.2958266514831, 8.703876898719306e-05
3181.830609311357, 0.0001512422715861111
5957.789025057772, 0.0002754572955146021
11155.60644970383, 0.0006083888605378577
20888.21116982519, 0.0015504425935676162
39111.93603345461, 0.003234422806080326
73234.77955330568, 0.00272634488683984
137127.779397924, 0.0037363471961462777
256763.63057690032, 0.005167110826136615
480774.6634306618, 0.006205019597320581
900222.0309688259, 0.009422525898170598
1685612.3391754266, 0.006630666372786717
3156209.090909091, 0.022040996253030635
2420910.715, 0.020002204099625304
1292917.185, 0.007177099404893101
690498.345, 0.007927870839761958
