0.07442861828518671, 6.618917793702893e-07
0.4238649161646571, 3.7507200830983063e-06
2.4138761580507433, 7.391124869634899e-05
13.74682802042126, 0.00029994729135130284
78.28706538766293, 3.85000385000385e-05
445.8384579997384, 5.6260801246474605e-05
829.8402531146019, 6.519634026797351e-05
1544.5837687015114, 9.244421851871709e-05
2874.9376878042226, 0.00018290276169932333
5351.128812978185, 0.0002906808064401188
9960.069637180697, 0.0006886862376879779
18538.70288767673, 0.0016939001188892282
34506.13472365601, 0.003650814419202186
64226.356114622395, 0.0039525756713457184
119544.67959966336, 0.004007175568780154
222508.81546326145, 0.005794461909678318
414156.2228002571, 0.007223936521930791
770870.0283494935, 0.011230889454385155
1434822.3397192429, 0.016464624201013883
2670638.4615384624, 0.042263610315186245
2052730.4, 0.03140841966056865
1102846.185, 0.007698605119808555
592513.125, 0.0067933499165590844
