0.07442861828518671, 0.0
0.45793799797158663, 4.118074672430324e-07
2.8175615081646925, 1.8531336025936458e-06
17.33564999509795, 3.840104632041277e-05
106.66129554995784, 3.88128537876558e-05
656.2564410110068, 1.729591362420736e-05
1255.6919884602346, 2.9958993241930604e-05
2402.661934188578, 4.334273592732916e-05
4597.293303652874, 0.00010624632654870236
8796.537464996823, 0.0001405292981966848
16831.44108112693, 0.0002751903399851564
32205.559289066205, 0.0004532970695677679
61622.65275577438, 0.000801789138722184
117909.80863195051, 0.00167471428340507
225610.58879959508, 0.003203502109093017
431687.0527487833, 0.006086476185027242
825997.1861359109, 0.011375089992800578
1580476.7531480344, 0.021571047425449665
3024110.5044519403, 0.04234210713692355
5786383.333333334, 0.12640131646611127
4405246.915, 0.06832596249442902
2302293.625, 0.03016901505022455
1203236.97, 0.01709648942370325
