0.07442861828518671, 2.059037336215162e-07
0.4397416030159733, 1.029518668107581e-06
2.598095757765051, 1.564868375523523e-05
15.350154545808488, 0.00010284891494394734
90.69228640860321, 6.383015742267001e-05
535.831140297285, 5.415268194245876e-05
1010.528392639965, 8.287625278266027e-05
1905.7638788312238, 0.00013177838951777037
3594.095908942793, 0.00022196422484399447
6778.135290611885, 0.0004203524721883253
12782.94157468727, 0.0006679517118681986
24107.455560556893, 0.001371987336118562
45464.45043252446, 0.002590439381390843
85741.78423513893, 0.004921834824642601
161701.14218659676, 0.009234853048490815
304953.5254916505, 0.017041130216076224
575114.3835612012, 0.03181704647301684
1084612.9869977068, 0.05861653516698255
2045480.6299222035, 0.11279097672186227
3857588.8888888885, 0.15434193835921697
2951534.76, 0.13766327265247352
1565046.81, 0.08314763390357344
829863.685, 0.044901671024212796
