0.07442861828518671, 0.0
0.45793799797158663, 2.8710099067572865e-05
2.8175615081646925, 0.00011749861874934816
17.33564999509795, 0.0010899946427389616
106.66129554995784, 0.00043526352058398263
656.2564410110068, 0.00014819147906044373
1255.6919884602346, 0.00017650081977921387
2402.661934188578, 0.00020474312925869404
4597.293303652874, 0.00030832514870317794
8796.537464996823, 0.00034773766622728247
16831.44108112693, 0.0004469184294362914
32205.559289066205, 0.0004982695928003537
61622.65275577438, 0.00039965723749204766
117909.80863195051, 0.0002962388038368956
225610.58879959508, 0.0006982702303048125
431687.0527487833, 0.0018062660252333837
825997.1861359109, 0.004719660393117554
1580476.7531480344, 0.013005094551972941
3024110.5044519403, 0.03826527312830816
5786383.333333334, 0.21730937722217517
4405246.915, 0.08197086839205772
2302293.625, 0.0229445046840356
1203236.97, 0.007992928898659156
