0.007442861828518671, 0.0
0.020831742598549405, 1.8198012025221247e-05
0.058305731006508266, 3.639602405044249e-05
1782218.7850000001, 0.09435080472527772
962417.735, 0.031082657408619763
519716.155, 0.02801421377497287
0.007442861828518671, 0.0
0.020831742598549405, 1.8198012025221247e-05
0.058305731006508266, 3.639602405044249e-05
0.16319125738621712, 8.535638497307305e-05
0.4567541822659232, 0.0002926685400473507
1.2784041642847968, 0.001238086895168251
3.5781110950161117, 0.004600351429555281
10.014735062631756, 0.011943245763628438
28.030129783953548, 0.0029174611192273217
78.45321626499523, 0.0006990519054964802
219.58182818852387, 0.0009297390799101895
614.5851192098025, 0.0009765519799818988
1720.155405709784, 0.0017029152369957435
4814.5236962408335, 0.0034587059421382644
13475.316442179235, 0.011240027303157301
37715.91224250201, 0.03405918069885734
105562.64429023436, 0.02541532228910806
295458.1026145507, 0.025502926723484507
826954.3737515687, 0.027743779134839136
2314553.3333333344, 0.14152620708791658
