0.07442861828518671, 4.118074672430324e-07
0.3743695822407843, 6.074160141834728e-06
1.8830469695154008, 3.675381645144064e-05
9.471565152749319, 6.82570876955326e-05
47.64116237942922, 9.358324693097911e-05
239.63097083319118, 0.00016101671969202567
426.6780520590079, 0.00026571876823856664
759.7271733109933, 0.0003559046035647908
1352.7421321106285, 0.0004436195940875566
2408.6426552471585, 0.0007139428845692344
4288.740110152513, 0.001054455954697599
7636.372166855782, 0.001450305624385795
13597.04210863361, 0.0024359805996172724
24210.390754184224, 0.0034041542270179755
43108.1271784922, 0.01204875038568343
76756.7383651535, 0.013375033893392426
136670.21209393037, 0.019815557612533858
243349.92955198005, 0.030237580993520512
433299.8925343998, 0.03931399773732387
771517.7777777779, 0.1332407693098838
602408.835, 0.07106860022626761
338324.91000000003, 0.04757790805307004
190010.07, 0.023083867576308186
