0.07442861828518671, 2.8710099067572865e-05
0.3743695822407843, 0.00020571503933992035
1.8830469695154008, 0.0007296373048500347
9.471565152749319, 0.0006265921267124856
47.64116237942922, 0.0005259289440324821
239.63097083319118, 0.0004076370813468545
426.6780520590079, 0.0004532964499388025
759.7271733109933, 0.00048023257574630857
1352.7421321106285, 0.0004972577937920063
2408.6426552471585, 0.0006941706542720263
4288.740110152513, 0.0012239943347207597
7636.372166855782, 0.002070175151296584
13597.04210863361, 0.003639635712756688
24210.390754184224, 0.006029723723523941
43108.1271784922, 0.01249185229601996
76756.7383651535, 0.020713873476824556
136670.21209393037, 0.03547731872923186
243349.92955198005, 0.05835531786654987
433299.8925343998, 0.09101048849578086
771517.7777777779, 0.22105945365139265
602408.835, 0.17459540135700244
338324.91000000003, 0.08515823081715367
190010.07, 0.04507781308875599
