0.007442861828518671, 0.0
0.020831742598549405, 3.309458896851447e-07
0.058305731006508266, 6.618917793702893e-07
1782218.7850000001, 0.029277790022775693
962417.735, 0.006942913819704649
519716.155, 0.0065360031196487
0.007442861828518671, 0.0
0.020831742598549405, 3.309458896851447e-07
0.058305731006508266, 6.618917793702893e-07
0.16319125738621712, 1.5444141518640085e-06
0.4567541822659232, 5.957026014332605e-06
1.2784041642847968, 3.5852471382557345e-05
3.5781110950161117, 0.00016370790009758492
10.014735062631756, 0.0004216250634588743
28.030129783953548, 0.00012178808740413324
78.45321626499523, 3.088828303728017e-05
219.58182818852387, 4.578084807311169e-05
614.5851192098025, 6.464476378516493e-05
1720.155405709784, 0.00013690128303308821
4814.5236962408335, 0.00030491147969658
13475.316442179235, 0.001280303694969731
37715.91224250201, 0.004522596812680281
105562.64429023436, 0.0047286414269001875
295458.1026145507, 0.0046094431294381455
826954.3737515687, 0.0052485122327529206
2314553.3333333344, 0.043916685034163544
