0.07442861828518671, 3.309458896851447e-07
0.4397416030159733, 1.5444141518640085e-06
2.598095757765051, 2.8571661809484156e-05
15.350154545808488, 0.00018036550987840383
90.69228640860321, 4.765620811466084e-05
535.831140297285, 3.8610353796600216e-05
1010.528392639965, 5.70330083224066e-05
1905.7638788312238, 7.55659781447747e-05
3594.095908942793, 0.00011296286367919605
6778.135290611885, 0.0002542767585747529
12782.94157468727, 0.0004979632486795811
24107.455560556893, 0.001296059696104392
45464.45043252446, 0.002551825342505481
85741.78423513893, 0.001561053559620895
161701.14218659676, 0.0035748396779915403
304953.5254916505, 0.005474181978479972
575114.3835612012, 0.005529928524197864
1084612.9869977068, 0.006990144525961144
2045480.6299222035, 0.01878994930570862
3857588.8888888885, 0.023510396003232677
2951534.76, 0.0066122988759091915
1565046.81, 0.009330688413782972
829863.685, 0.006734104381518043
