0.07442861828518671, 0.0
0.45793799797158663, 6.618917793702893e-07
2.8175615081646925, 2.7578824140428724e-06
17.33564999509795, 6.442413319204151e-05
106.66129554995784, 2.9123238292292733e-05
656.2564410110068, 1.731950156018924e-05
1255.6919884602346, 2.6916932361058433e-05
2402.661934188578, 3.541121019631048e-05
4597.293303652874, 7.071210509605925e-05
8796.537464996823, 0.00010711615296142517
16831.44108112693, 0.00025394581268506773
32205.559289066205, 0.00046939158687009694
61622.65275577438, 0.0007335967221354041
117909.80863195051, 0.0016494583206283552
225610.58879959508, 0.002938183141448463
431687.0527487833, 0.0021814747615996216
825997.1861359109, 0.0038086841525236943
1580476.7531480344, 0.007484214757095256
3024110.5044519403, 0.00781607636357471
5786383.333333334, 0.030471677319814854
4405246.915, 0.010451105723312027
2302293.625, 0.0061609832383471355
1203236.97, 0.0028630335757842923
