0.07442861828518671, 1.4355049533786433e-05
0.4397416030159733, 6.578181210696939e-05
2.598095757765051, 0.0005606056901461935
15.350154545808488, 0.002125986715616274
90.69228640860321, 0.0005897077359151057
535.831140297285, 0.00027155174241277094
1010.528392639965, 0.0002871935651555827
1905.7638788312238, 0.0003399636820176762
3594.095908942793, 0.00041682458363022964
6778.135290611885, 0.0004940415413291905
12782.94157468727, 0.0004716575482410326
24107.455560556893, 0.00016880942379415658
45464.45043252446, 0.00032644992241023324
85741.78423513893, 0.0006202548525794432
161701.14218659676, 0.0016335454040148816
304953.5254916505, 0.004408924149962194
575114.3835612012, 0.011135467752003789
1084612.9869977068, 0.027404327652545676
2045480.6299222035, 0.0779531377844324
3857588.8888888885, 0.1662103451952535
2951534.76, 0.12435691185345958
1565046.81, 0.04821925928011817
829863.685, 0.018630238393885078
