0.007442861828518671, 1.7580368978367707e-05
0.021174589483115715, 1.7580368978367707e-05
0.0602407044640396, 3.0450440364967142e-05
0.17138195180678334, 7.458846764107572e-05
0.4875735379661099, 0.00013350590721914463
1.3871236289385072, 0.000406024124841553
3.9463010441171087, 0.0015996129268545127
11.227039613417315, 0.0026713178884733096
31.940396100582173, 0.0011902138646263114
90.8689145304937, 0.0005642424874064333
258.51775920210565, 0.0003502144993904386
735.4707841310315, 0.0003141878115206973
2092.379556359343, 0.0003936868348578597
5952.720763807438, 0.000500440139833192
16935.20871209404, 7.716023205367391e-05
48179.8669048846, 0.0005624624627890415
137069.44003085568, 0.002517843958061802
389956.0666587803, 0.007206243052383777
1109406.545250023, 0.04671297237945681
3156209.090909091, 0.14708193952143064
