0.07442861828518671, 3.0446263158806605e-05
0.35572605809833296, 0.00020568206188051208
1.7001662979327887, 0.0005540422602079763
8.12581865967055, 0.0004300956893765713
38.836747305327634, 0.0004476113224353909
185.617351854493, 0.00039247687612047077
324.528437861925, 0.0004514392989986703
567.396883582638, 0.0004714377883325582
992.0216102487236, 0.0005003735257782837
1734.4241811598547, 0.0008272804345307586
3032.4210774378175, 0.0013301809122673303
5301.804305299647, 0.0022269938109406003
9269.53354230215, 0.003690184829433661
16206.605740988092, 0.005562862165698422
28335.198146183742, 0.010078256372171867
49540.50631051791, 0.016189201668335207
86615.30273551345, 0.034963930814636265
151435.890076316, 0.046672164477984404
264766.47981284827, 0.10249668277726362
462910.6666666669, 0.19511242909599802
363838.57499999995, 0.14374654598550035
208101.185, 0.07683953185503509
119025.595, 0.0449907652838659
