5.769796674025458, 7.177518974410248e-05
14.292969497059774, 7.177518974410248e-05
35.40661631345726, 7.177518974410248e-05
87.70944897253598, 0.0005024263282087176
217.27429051563945, 0.0009774323570071344
538.2329711574919, 0.002215532604892328
1333.3134378370899, 0.003934961993135996
3302.8907903837435, 0.0035478908444253328
8181.937767685403, 0.004645225298029378
20268.337611761894, 0.006851260384345879
50208.82842287546, 0.010353129100587832
124377.5636604176, 0.011637577333608337
308108.72964032565, 0.010512095941666296
763248.5030801942, 0.006685026949100755
1890723.0513533342, 0.007920557738438682
4683708.703642572, 0.011213475646559655
11602506.884800032, 0.01670701039348792
28741788.725489717, 0.024965059884535002
71199304.36955094, 0.04422808993970544
176375276.81818214, 0.0
123787290.595, 0.0
49970546.550000004, 0.03056839727142256
20172147.805, 0.020727933014531633
