5.769796674025458, 3.376290389469389e-05
14.167851974661462, 3.376290389469389e-05
34.78944595735212, 3.376290389469389e-05
85.42618543616199, 0.00021977108077945266
209.76571938281492, 0.0003980224373783154
515.0839500035012, 0.0011205529427819115
1264.7990164066102, 0.002630610885227341
3105.7394661438293, 0.0019343448434559277
7626.205829102625, 0.0026592238239415435
18726.302055223798, 0.0040845044206146005
45982.81196729028, 0.008180549302690531
112911.72118145697, 0.009306858769986317
277257.0061445585, 0.006978144838644316
680810.1643646543, 0.0058558878292994795
1671743.0745846077, 0.00895488120549725
4104998.799525401, 0.013042702094777842
10079907.25386561, 0.018745161009105227
24751415.33738805, 0.028494225351357774
60777599.01698955, 0.07441976326735614
149240618.84615356, 0.14089633149658257
105009108.935, 0.12345052474815718
42764507.18, 0.04764542174600709
17415661.295, 0.024627338291137692
