5.769796674025458, 2.5765791531557297e-06
14.292969497059774, 2.5765791531557297e-06
35.40661631345726, 2.5765791531557297e-06
87.70944897253598, 1.803605407209011e-05
217.27429051563945, 3.864868729733595e-05
538.2329711574919, 0.00010563974527938491
1333.3134378370899, 0.00019517587085154657
3302.8907903837435, 0.00021707679365337026
8181.937767685403, 0.0002924417338831753
20268.337611761894, 0.0005507437939870372
50208.82842287546, 0.0012322489799967277
124377.5636604176, 0.0017314611909206503
308108.72964032565, 0.0019266370617721969
763248.5030801942, 0.0014954163890334104
1890723.0513533342, 0.0021569537698569955
4683708.703642572, 0.003832821351069526
11602506.884800032, 0.007113607113607115
28741788.725489717, 0.011889440460869032
71199304.36955094, 0.01833976833976834
176375276.81818214, 0.0
123787290.595, 0.0
49970546.550000004, 0.013352638352638353
20172147.805, 0.010067671357993937
