5.769796674025458, 3.8648687297335945e-06
12.69270609916848, 9.018027036045055e-06
27.922091058274614, 1.9324343648667973e-05
61.42450340969089, 3.4139673779313416e-05
135.1248948817186, 6.054961009915965e-05
297.2549422990501, 6.95676371352047e-05
653.9172577973723, 9.340099430189519e-05
1438.5220199805651, 0.00020870291140561413
3164.537374253218, 0.00045347793095540845
6961.517900977817, 0.0006821493307979795
15314.317941045314, 0.0012348255591498835
33689.25244973951, 0.0009204829024648845
74111.41227389264, 0.0012131771213989189
163034.23287367608, 0.001611455392967998
358651.3908340597, 0.0024488774488774486
788980.4360711947, 0.0037953405300344078
1735641.19479772, 0.004738504738504739
3818155.963511146, 0.011969111969111967
8399382.893994277, 0.021557271557271558
18477409.952380955, 0.0
13438396.42, 0.005148005148005148
6108769.425000001, 0.013084513084513083
2776898.575, 0.00796950796950797
