5.769796674025458, 2.5765791531557297e-06
14.444726333974232, 2.5765791531557297e-06
36.16247342002748, 2.5765791531557297e-06
90.53300516870335, 5.153158306311459e-06
226.65001173114555, 3.0918949837868756e-05
567.4198898181145, 7.858566417124976e-05
1420.5396633427883, 0.00013462626075238688
3556.3309840564307, 0.00018744613339207933
8903.299495628256, 0.0002402660060317718
22289.47256715642, 0.0003504147648291792
55801.85048991904, 0.0008902080974153047
139700.3230434235, 0.0015188934107853026
349740.7359629152, 0.001763668430335097
875578.3789695397, 0.001306969775438244
2192016.5965460124, 0.001850246748205932
5487728.882921985, 0.0032947232947232955
13738567.645842226, 0.005623636058418668
34394600.204608195, 0.009528759528759529
86107122.2073755, 0.01272701272701273
215569782.77777818, 0.0
150838452.495, 0.0
60250861.205, 0.010571796286081996
24066583.925, 0.009466233150443678
