5.769796674025458, 1.7101383843980655e-06
12.919484144527283, 3.420276768796131e-06
28.928761270237338, 6.840553537592262e-06
64.77605601496751, 2.0521660612776785e-05
145.04379892584944, 3.93331828411555e-05
324.77592649328915, 4.2183413481818946e-05
727.2244881251246, 7.239585827285146e-05
1628.3702484943158, 0.0001145792717546704
3646.1776376886987, 0.000252530434762781
8164.366413519344, 0.000728518951753576
18281.303205089163, 0.0016611144173786542
40934.71923589712, 0.0017899448423366418
91659.28818768548, 0.0021147928012189053
205239.59289076223, 0.0037901797013414327
459563.79678306525, 0.006112376613515565
1029035.7739409258, 0.011572183779602013
2304173.2866308778, 0.01846051632498101
5159407.155001522, 0.041287015945330297
11552725.806488037, 0.06150341685649203
25868373.933333345, 0.0566628701594533
18710549.87, 0.05723234624145786
8356066.485, 0.05001898253606681
3731790.225, 0.031646599414253164
