5.769796674025458, 7.177518974410248e-05
14.061545881165086, 7.177518974410248e-05
34.26933109415122, 0.00017943797436025625
83.51763480099343, 0.0009330774666733328
203.5404573141077, 0.001814910719504519
496.0475456752677, 0.0033170365183236073
1208.9152732457849, 0.005774637136329807
2946.2420500386283, 0.0052595199823025395
7180.273431495504, 0.006422530978583587
17499.01253033985, 0.010743418262445776
42646.76581727509, 0.013666254281644705
103934.24380490923, 0.014631875851140272
253297.68455554475, 0.010822441140653097
617310.6634771089, 0.008386265257197845
1504445.07975352, 0.009976806835151161
3666476.430596293, 0.01343800722659192
8935553.445607027, 0.022083727318030925
21776797.66683084, 0.030085689657130266
53072136.99843456, 0.047114942195522404
129341869.66666645, 0.0
91207003.33500001, 0.0
37424467.335, 0.039318310592649446
15356175.56, 0.022849489135632447
