5.769796674025458, 7.177518974410248e-05
14.444726333974232, 7.177518974410248e-05
36.16247342002748, 7.177518974410248e-05
90.53300516870335, 0.00014355037948820496
226.65001173114555, 0.000793503765394124
567.4198898181145, 0.0015633376760254326
1420.5396633427883, 0.002519756506361372
3556.3309840564307, 0.002866847629949882
8903.299495628256, 0.0036231994596135227
22289.47256715642, 0.0048918748865167
55801.85048991904, 0.008032567125327466
139700.3230434235, 0.009510849605374797
349740.7359629152, 0.00998956667726893
875578.3789695397, 0.005487281777445355
2192016.5965460124, 0.006575013726054317
5487728.882921985, 0.008684535810196877
13738567.645842226, 0.012591504483517724
34394600.204608195, 0.02132264548250207
86107122.2073755, 0.035385529136500025
215569782.77777818, 0.0
150838452.495, 0.0
60250861.205, 0.025364649207791086
24066583.925, 0.019484526825776134
