5.769796674025458, 5.700461281326885e-07
14.292969497059774, 5.700461281326885e-07
35.40661631345726, 5.700461281326885e-07
87.70944897253598, 3.99032289692882e-06
217.27429051563945, 1.3681107075184524e-05
538.2329711574919, 5.7574658941401547e-05
1333.3134378370899, 0.00011400922562653769
3302.8907903837435, 0.00014023134752064138
8181.937767685403, 0.00020179632935897173
20268.337611761894, 0.0003944719206678205
50208.82842287546, 0.0015419747765989223
124377.5636604176, 0.0029596794972649187
308108.72964032565, 0.0036180827752581744
763248.5030801942, 0.002999509954388062
1890723.0513533342, 0.004402167015143722
4683708.703642572, 0.005885971767287964
11602506.884800032, 0.0066162766618347475
28741788.725489717, 0.006101529450048811
71199304.36955094, 0.0027761958997722094
176375276.81818217, 0.0002847380410022779
