5.769796674025458, 1.2882895765778648e-06
14.756293314881576, 2.5765791531557297e-06
37.739318159178836, 2.5765791531557297e-06
96.51855684404009, 1.2882895765778648e-06
246.84685017263436, 1.2882895765778648e-06
631.3124587908044, 1.9968488436956905e-05
1614.5858063238727, 3.671625293246915e-05
4129.313923212705, 7.53649402298051e-05
10560.74778413971, 0.00012109922019831928
27009.18259889509, 0.00017198665847314494
69076.16388263958, 0.0001945317260632576
176662.74791064858, 0.00035427963355891284
451816.1511164214, 0.0008309467768927228
1155522.8072921436, 0.0009913388291766668
2955257.254246017, 0.0009836090917172
7558090.055565337, 0.0014274478560192844
19329865.51541687, 0.002301104395345233
49436259.43818609, 0.0031988510249379813
126433561.85227638, 0.0005515719801434087
323354674.16666603, 0.0
224894118.01, 0.0
87934910.645, 0.0038793895936753086
34383062.48, 0.0032362459546925564
