5.769796674025458, 0.00010766278461615369
12.919484144527283, 0.00021532556923230738
28.928761270237338, 0.00043065113846461477
64.77605601496751, 0.0011489174174765002
145.04379892584944, 0.00194063806399717
324.77592649328915, 0.0018845753439104766
727.2244881251246, 0.0033892774190555754
1628.3702484943158, 0.0050852434089169955
3646.1776376886987, 0.006353825155947334
8164.366413519344, 0.011904537982048307
18281.303205089163, 0.012410552000384618
40934.71923589712, 0.010636018330193927
91659.28818768548, 0.008149399280227985
205239.59289076223, 0.010687697191709906
459563.79678306525, 0.012694432090057526
1029035.7739409258, 0.01741444687929957
2304173.2866308778, 0.016219274010096502
5159407.155001522, 0.04526902395655898
11552725.806488037, 0.0766031028648187
25868373.933333345, 0.0
18710549.87, 0.03794062549620376
8356066.485, 0.06145056788104817
3731790.225, 0.03319134008195743
