5.769796674025458, 2.3880782907797787e-05
14.292969497059774, 2.3880782907797787e-05
35.40661631345726, 2.3880782907797787e-05
87.70944897253598, 0.00010939391649267857
217.27429051563945, 0.0002262041872914343
538.2329711574919, 0.0008320258233093095
1333.3134378370899, 0.001932566344741595
3302.8907903837435, 0.0015324472781842917
8181.937767685403, 0.00225995188305916
20268.337611761894, 0.003082266773110792
50208.82842287546, 0.006695010105135024
124377.5636604176, 0.00784403390529951
308108.72964032565, 0.006656711629312827
763248.5030801942, 0.0048191829511606285
1890723.0513533342, 0.007350724220336895
4683708.703642572, 0.010686899094804555
11602506.884800032, 0.015293897583187962
28741788.725489717, 0.019753511893322622
71199304.36955094, 0.018897442984707122
176375276.81818217, 0.011928451062444997
