5.769796674025458, 1.140092256265377e-06
14.444726333974232, 1.140092256265377e-06
36.16247342002748, 1.140092256265377e-06
90.53300516870335, 2.280184512530754e-06
226.65001173114555, 1.4821199331449901e-05
567.4198898181145, 4.788387476314584e-05
1420.5396633427883, 8.94972421168321e-05
3556.3309840564307, 0.00013681107075184525
8903.299495628256, 0.00018127466874619496
22289.47256715642, 0.0002633613111973021
55801.85048991904, 0.0009525470801097224
139700.3230434235, 0.0025988402981569274
349740.7359629152, 0.004068419216482998
875578.3789695397, 0.003308547727682124
2192016.5965460124, 0.005495896156488411
5487728.882921985, 0.009847054995118776
13738567.645842226, 0.018380046878610806
34394600.204608195, 0.035022779043280175
86107122.2073755, 0.053594026828650984
215569782.77777818, 0.06805239179954442
150838452.495, 0.05822892938496583
60250861.205, 0.04710380735437682
24066583.925, 0.028458817887543453
