5.769796674025458, 5.700461281326885e-07
14.756293314881576, 1.140092256265377e-06
37.739318159178836, 1.140092256265377e-06
96.51855684404009, 5.700461281326885e-07
246.84685017263436, 5.700461281326885e-07
631.3124587908044, 1.0260830306388392e-05
1614.5858063238727, 1.9381568356511407e-05
4129.313923212705, 5.4724428300738097e-05
10560.74778413971, 9.690784178255706e-05
27009.18259889509, 0.0001345308862393145
69076.16388263958, 0.000164743331030347
176662.74791064858, 0.00039561201292408584
451816.1511164214, 0.0013954729216688212
1155522.8072921436, 0.002199237962335912
2955257.254246017, 0.0020994798899126913
7558090.055565337, 0.0032202516541924285
19329865.51541687, 0.006192679698028601
49436259.43818609, 0.010960351259450002
126433561.85227638, 0.012908124525436599
323354674.16666603, 0.015375854214123007
224894118.01, 0.01494874715261959
87934910.645, 0.013732508948909861
34383062.48, 0.009100559524072804
