5.769796674025458, 3.8648687297335945e-06
12.919484144527283, 7.729737459467189e-06
28.928761270237338, 1.5459474918934378e-05
64.77605601496751, 4.251355602706954e-05
145.04379892584944, 7.278836107664937e-05
324.77592649328915, 7.53649402298051e-05
727.2244881251246, 0.00013333797117580902
1628.3702484943158, 0.00021450021450021448
3646.1776376886987, 0.00037811299072560334
8164.366413519344, 0.000858645002789147
18281.303205089163, 0.0013849112948212047
40934.71923589712, 0.0013372445804878236
91659.28818768548, 0.0011293223213753015
205239.59289076223, 0.0018184851518184852
459563.79678306525, 0.002579365079365079
1029035.7739409258, 0.004443796896627085
2304173.2866308778, 0.0038878163878163876
5159407.155001522, 0.01615186615186615
11552725.806488037, 0.026222651222651223
25868373.933333345, 0.0
18710549.87, 0.0028957528957528956
8356066.485, 0.02305877305877306
3731790.225, 0.010939510939510936
