5.769796674025458, 1.7101383843980655e-06
14.292969497059774, 1.7101383843980655e-06
35.40661631345726, 1.7101383843980655e-06
87.70944897253598, 9.120738050123017e-06
217.27429051563945, 1.9381568356511407e-05
538.2329711574919, 6.669539699152456e-05
1333.3134378370899, 0.0001294004710861203
3302.8907903837435, 0.0001590428697490201
8181.937767685403, 0.0002228880360998812
20268.337611761894, 0.0004417857493028336
50208.82842287546, 0.0017010176463479426
124377.5636604176, 0.0033991850620552215
308108.72964032565, 0.004453200352972562
763248.5030801942, 0.004178177353430589
1890723.0513533342, 0.0073246982277770725
4683708.703642572, 0.013151987762499377
11602506.884800032, 0.024663491406088218
28741788.725489717, 0.051632498101746395
71199304.36955094, 0.11930523917995445
176375276.81818217, 0.3977790432801822
