5.769796674025458, 3.588759487205124e-05
14.756293314881576, 7.177518974410248e-05
37.739318159178836, 7.177518974410248e-05
96.51855684404009, 3.588759487205124e-05
246.84685017263436, 3.588759487205124e-05
631.3124587908044, 0.0004516630997251362
1614.5858063238727, 0.0007655424365815739
4129.313923212705, 0.0010629179518700355
10560.74778413971, 0.0014990853271325453
27009.18259889509, 0.002082376243872211
69076.16388263958, 0.0022390710039128627
176662.74791064858, 0.0025077584935284903
451816.1511164214, 0.00411010209634739
1155522.8072921436, 0.004258626903016406
2955257.254246017, 0.003148135658271739
7558090.055565337, 0.0036627269216201247
19329865.51541687, 0.004945955887081499
49436259.43818609, 0.007197650069433536
126433561.85227638, 0.00509520369941203
323354674.16666603, 0.0
224894118.01, 0.0
87934910.645, 0.009787238581792165
34383062.48, 0.006893036399411402
