5.769796674025458, 5.338688182591336e-05
14.292969497059774, 5.338688182591336e-05
35.40661631345726, 5.338688182591336e-05
87.70944897253598, 0.0001581895979893556
217.27429051563945, 0.00028995798497355034
538.2329711574919, 0.0009030658815442014
1333.3134378370899, 0.0019726656087003546
3302.8907903837435, 0.0016255271907552385
8181.937767685403, 0.002350220132366908
20268.337611761894, 0.003195133872166485
50208.82842287546, 0.006882080946571296
124377.5636604176, 0.008057517693409441
308108.72964032565, 0.0067499396722677536
763248.5030801942, 0.00481904769632601
1890723.0513533342, 0.007352054321614152
4683708.703642572, 0.01066539332716531
11602506.884800032, 0.01529614406837395
28741788.725489717, 0.021061940403861393
71199304.36955094, 0.033795178921509954
176375276.81818217, 0.20164660762629763
