5.769796674025458, 3.376290389469389e-05
14.444726333974232, 3.376290389469389e-05
36.16247342002748, 3.376290389469389e-05
90.53300516870335, 7.550475619035186e-05
226.65001173114555, 0.00022613234861328083
567.4198898181145, 0.0006173828529327581
1420.5396633427883, 0.0012865994151139606
3556.3309840564307, 0.0013865499980142127
8903.299495628256, 0.0018996882797658104
22289.47256715642, 0.0025697145822761508
55801.85048991904, 0.004983003345160132
139700.3230434235, 0.006880899163863872
349740.7359629152, 0.006482288337493126
875578.3789695397, 0.003848970706291755
2192016.5965460124, 0.005544577501308117
5487728.882921985, 0.007854248530407231
13738567.645842226, 0.011772479573856532
34394600.204608195, 0.021386982188923764
86107122.2073755, 0.058240168186054826
215569782.77777818, 0.17144989900881688
150838452.495, 0.10600853097356218
60250861.205, 0.03820447544512156
24066583.925, 0.015552851522239463
