5.769796674025458, 1.140092256265377e-06
14.061545881165086, 1.140092256265377e-06
34.26933109415122, 2.8502306406634424e-06
83.51763480099343, 1.596129158771528e-05
203.5404573141077, 4.389355186621701e-05
496.0475456752677, 9.348756501376091e-05
1208.9152732457849, 0.0001881152222837872
2946.2420500386283, 0.0001989460987183083
7180.273431495504, 0.0002741921876318232
17499.01253033985, 0.0008282770241767964
42646.76581727509, 0.0028519407790478404
103934.24380490923, 0.004856222965562373
253297.68455554475, 0.004975362606342105
617310.6634771089, 0.0058189936595911375
1504445.07975352, 0.010042278613403297
3666476.430596293, 0.017724265104675126
8935553.445607027, 0.03224823859723473
21776797.66683084, 0.0635468310330966
53072136.99843456, 0.10030914415880246
129341869.66666645, 0.08295368261199695
91207003.33500001, 0.1140375854214123
37424467.335, 0.08593394077448749
15356175.56, 0.04715261958997723
