5.769796674025458, 1.140092256265377e-06
13.27154314475367, 4.560369025061508e-06
30.526874237350462, 3.99032289692882e-06
70.21715866337622, 1.9381568356511407e-05
161.51176607283324, 4.9594013147543905e-05
371.5053567607767, 6.384516635086111e-05
854.5274035311687, 7.46760427853822e-05
1965.5627303805763, 0.00010773871821707813
4521.138621296678, 0.00031637560111364213
10399.4108745757, 0.0009126438511404343
23920.46685514499, 0.001646863264175337
55021.26432632528, 0.002700878555092678
126558.54697151142, 0.002518035887401345
291106.8294713248, 0.004412157031747009
669596.705972952, 0.007292457605669452
1540189.7285065001, 0.013143875376589021
3542706.1970832716, 0.02509913102168227
8148844.890052938, 0.047835990888382696
18743770.820400663, 0.07084282460136675
43113956.55555555, 0.07716400911161732
30928863.69, 0.060174639331814724
13446307.855, 0.06589651806052715
5845775.545, 0.032495728929384966
