5.769796674025458, 1.140092256265377e-06
14.292969497059774, 1.140092256265377e-06
35.40661631345726, 1.140092256265377e-06
87.70944897253598, 8.550691921990328e-06
217.27429051563945, 1.881152222837872e-05
538.2329711574919, 6.612535086339187e-05
1333.3134378370899, 0.0001288304249579876
3302.8907903837435, 0.0001579027774927547
8181.937767685403, 0.00022174794384361582
20268.337611761894, 0.0004417857493028336
50208.82842287546, 0.001703867876988606
124377.5636604176, 0.0033963348314145583
308108.72964032565, 0.004451490214588165
763248.5030801942, 0.004162695143163326
1890723.0513533342, 0.007279607746210728
4683708.703642572, 0.01303144173054221
11602506.884800032, 0.02406295299233796
28741788.725489717, 0.04650721336370539
71199304.36955094, 0.07367596810933941
176375276.81818214, 0.08769931662870159
123787290.595, 0.06691343963553531
49970546.550000004, 0.06169324221716021
20172147.805, 0.036226026893967214
