5.769796674025458, 2.3880782907797787e-05
14.756293314881576, 3.376290389469389e-05
37.739318159178836, 3.376290389469389e-05
96.51855684404009, 2.3880782907797787e-05
246.84685017263436, 2.3880782907797787e-05
631.3124587908044, 0.00016517965708750783
1614.5858063238727, 0.000291919280863181
4129.313923212705, 0.0006027778920618729
10560.74778413971, 0.0009250210026996343
27009.18259889509, 0.0013080023614759604
69076.16388263958, 0.0014603574953560559
176662.74791064858, 0.0019959674937387564
451816.1511164214, 0.003745349344784999
1155522.8072921436, 0.0029095652495873684
2955257.254246017, 0.0020629731528374958
7558090.055565337, 0.0024541155906564285
19329865.51541687, 0.0038677624457596777
49436259.43818609, 0.008211176503315449
126433561.85227638, 0.02164980788439891
323354674.16666603, 0.0699204393952658
224894118.01, 0.040560181861580655
87934910.645, 0.015128748525903315
34383062.48, 0.005838815726464327
