5.769796674025458, 2.5765791531557297e-06
13.27154314475367, 1.0306316612622919e-05
30.526874237350462, 9.018027036045055e-06
70.21715866337622, 3.542796335589129e-05
161.51176607283324, 9.146855993702841e-05
371.5053567607767, 0.0001210992201983193
854.5274035311687, 0.00012882895765778648
1965.5627303805763, 0.00019259929169839081
4521.138621296678, 0.0004425274695544966
10399.4108745757, 0.0009262802055594848
23920.46685514499, 0.001201330030158859
55021.26432632528, 0.0016876593453170028
126558.54697151142, 0.0013147238995802964
291106.8294713248, 0.0017855693531369208
669596.705972952, 0.0022969397969397967
1540189.7285065001, 0.00393365715946361
3542706.1970832716, 0.007459840793174126
8148844.890052938, 0.018778518778518778
18743770.820400663, 0.02651222651222651
43113956.55555555, 0.0
30928863.69, 0.0
13446307.855, 0.019580805295091003
5845775.545, 0.009813384813384814
