402.2803806226877, 8.69709862578568e-05
1412.310676084793, 0.00023719282572877857
4958.286662391094, 0.00043440749932979137
17407.36442961605, 0.0006793166578249074
61113.11366562554, 0.0012251436846621212
214553.59753102186, 0.002596700275732568
335986.6422538339, 0.002851557716901105
526148.3613980599, 0.002896251479080647
823937.8099820991, 0.003415453123409119
1290270.1301097332, 0.004125953429823275
2020537.2158968656, 0.0048119434521637335
3164120.865509798, 0.005788445151851483
4954949.986957092, 0.006222665910485714
7759352.571157338, 0.007164510467776686
12150990.924632994, 0.008783873253712703
19028208.745061744, 0.013130529531668706
29797794.294425495, 0.02163748057804575
46662749.852548644, 0.04313795773080649
73072932.92540376, 0.08493177008292993
114430751.3636362, 0.16187423899242032
93751842.14500001, 0.1537731102534991
59867841.39, 0.06508892659904941
38230272.07, 0.031975549767971886
