402.2803806226877, 0.0009833697031602503
1165.6371604473438, 0.0022428417788615904
3377.519897223438, 0.0033134630194392857
9786.61374502015, 0.004425617985642761
28357.43726423445, 0.008347229308456614
82167.7721371375, 0.006231970053534168
120147.25271219149, 0.012169311811827496
175681.55931250853, 0.007732474424387443
256884.86075006673, 0.009061871507804702
375621.8463725967, 0.01192046869727062
549241.2867787966, 0.011020241887330395
803110.8787085611, 0.01187849476701127
1174323.742635539, 0.012437486573983181
1717118.132847479, 0.013026353924336246
2510802.238858166, 0.01578292807995477
3671341.9782022284, 0.02446225500632975
5368304.883716992, 0.035942421874816326
7849635.772326363, 0.06349885510174634
11477884.19116811, 0.06340703824804979
16783176.866666652, 0.0967057286791766
14130530.530000001, 0.1263595863219395
9663759.98, 0.0748257272390648
6608970.324999999, 0.0452270970085198
