402.2803806226877, 2.792971542971543e-06
1412.310676084793, 1.5640640640640644e-05
4958.286662391094, 4.2872113184613184e-05
17407.36442961605, 9.489120817245818e-05
61113.11366562554, 0.00018398700039325039
214553.59753102186, 0.0005301758231445731
335986.6422538339, 0.0006212266954454454
526148.3613980599, 0.0005673246253589375
823937.8099820991, 0.0007296756362485938
1290270.1301097332, 0.0008820495067239858
2020537.2158968656, 0.001092707069174757
3164120.865509798, 0.0013599458151581244
4954949.986957092, 0.001704001913265306
7759352.571157338, 0.002243987954851752
12150990.924632994, 0.0036230045995670995
19028208.745061744, 0.006490486819727892
29797794.294425495, 0.009695870535714284
46662749.852548644, 0.021388462611607144
73072932.92540376, 0.03484933035714286
114430751.3636362, 0.06077938988095238
93751842.14500001, 0.043503534226190466
59867841.39, 0.03245907738095238
38230272.07, 0.014271763392857144
