402.2803806226877, 1.3976123191140255e-06
1388.9134238089648, 9.835049653024624e-06
4795.363114280457, 3.5147361654756416e-05
16556.472853965613, 0.00011258543681751874
57162.88565255641, 0.0003500760042284502
197360.60481895355, 0.0011115676644686883
307224.31371061824, 0.0018018846232725641
478245.28619348817, 0.002382986440212117
744467.6204297008, 0.0033255986420666237
1158886.5669321604, 0.004733620094500666
1803997.968696918, 0.006864276518272046
2808220.203706197, 0.01020210405875935
4371457.645376429, 0.01520978180594582
6804894.402547107, 0.023101320370944946
10592939.835250182, 0.0347912453949879
16489656.96091173, 0.054504085220808796
25668869.163564242, 0.07936877305477989
39957826.02985998, 0.1269299528685194
62200942.73957697, 0.2019210880132382
96826020.38461527, 0.22651428965422143
79513481.56, 0.2487158272141207
51079384.385000005, 0.17053469852104663
32813347.595, 0.10205582560531366
