402.2803806226877, 0.0010630718836209343
1127.0691972546435, 0.0021297328622781413
3157.7104840011316, 0.003368483218452461
8846.959463588153, 0.004376201550249149
24786.53193411121, 0.008402203150789033
69444.44222326513, 0.008146353710777854
100330.03607828334, 0.012701986900826766
144952.07704465208, 0.012215881677497084
209419.88521926478, 0.0131275761193068
302559.9164870201, 0.009430189335927357
437124.215633995, 0.014004932547412984
631536.3320832787, 0.012775670091923194
912413.7361338709, 0.01486359671266085
1318212.0862936962, 0.01478137529606935
1904490.293859218, 0.023547000247239516
2751517.2384755793, 0.029301840637746164
3975261.5899590077, 0.027614641852137176
5743269.381571666, 0.06342088542170639
8297603.174748237, 0.055163037022082834
11987983.476190487, 0.09182278412004156
10142793.325, 0.1159111792649537
7020436.275, 0.07624342701925624
4859265.484999999, 0.04014219544742423
