402.2803806226877, 0.0002957944111129447
1388.9134238089648, 0.0012356484893908965
4795.363114280457, 0.002269708018299664
16556.472853965613, 0.003334101633732758
57162.88565255641, 0.0038836610039022683
197360.60481895355, 0.008859913893276209
307224.31371061824, 0.009401992734730497
478245.28619348817, 0.006314950995742959
744467.6204297008, 0.0064425706747675065
1158886.5669321604, 0.007290771947469404
1803997.968696918, 0.00817984754465601
2808220.203706197, 0.009348187574480506
4371457.645376429, 0.010780849420849718
6804894.402547107, 0.013229290141489115
10592939.835250182, 0.015970653350678484
16489656.96091173, 0.021979838296094963
25668869.163564242, 0.02845541809856905
39957826.02985998, 0.05092802051940984
62200942.73957697, 0.08258075559596058
96826020.38461527, 0.12669943669699024
79513481.56, 0.10986942980479834
51079384.385000005, 0.06740345983528857
32813347.595, 0.039342568343762124
