402.2803806226877, 0.00013273546747064808
1127.0691972546435, 0.00018081829978362483
3157.7104840011316, 0.00032935633071521676
8846.959463588153, 0.0004950481543642948
24786.53193411121, 0.0007614330630337082
69444.44222326513, 0.0019261878227411285
100330.03607828334, 0.00266973846785152
144952.07704465208, 0.003548886062817414
209419.88521926478, 0.004815966516558163
302559.9164870201, 0.005995987860204087
437124.215633995, 0.008657942071332263
631536.3320832787, 0.011475235703984833
912413.7361338709, 0.015172450980848897
1318212.0862936962, 0.021319350471415924
1904490.293859218, 0.02842922121069133
2751517.2384755793, 0.03787396470210195
3975261.5899590077, 0.05628536536106962
5743269.381571666, 0.08689878734049117
8297603.174748237, 0.08989403190537051
11987983.476190487, 0.13143037939492047
10142793.325, 0.15627779150720725
7020436.275, 0.10831215445412457
4859265.484999999, 0.06105290341357744
