40.228038062268766, 7.198093845549406e-06
87.9455348240063, 1.609509419793502e-05
192.2643377116339, 5.6216336369421586e-05
420.32350624357974, 8.079511990068157e-05
918.900780059777, 0.0001676845026546021
2008.8779976657902, 0.00021340171305763025
4391.759041975331, 0.0003753426207396121
9601.154228969206, 0.0004528955460168013
20989.804232745766, 0.0005874264731193184
45887.387205974715, 0.0008650339306274399
100317.86296063072, 0.0015083790559968998
219312.41331773918, 0.0024329783434618502
479455.33542841394, 0.002815126605688814
1048173.3121860625, 0.0038016859887331673
2291490.3875193964, 0.005136713960059809
5009599.209449922, 0.006183227190057298
10951861.01412734, 0.007218811041035393
23942685.763465036, 0.008891959926766703
52342903.25895904, 0.0070342322533643005
114430751.3636362, 0.003389733113602056
