40.228038062268766, 2.3644776487756583e-05
86.52157084822433, 0.00015369104717041776
402.2803806226877, 0.0005458754811889735
1369.1794894287782, 0.0013235844403990005
4660.064384374612, 0.002633829414948328
15860.740125150962, 0.003731658616973668
53982.747139948355, 0.0044450886843207344
183732.72405835259, 0.009985589432318016
284552.2744314198, 0.010519549351580214
440694.47780232405, 0.00742436777477756
682516.5012422694, 0.007294792783233593
1057033.3823809312, 0.00858217258109401
1637058.6929898486, 0.008608852511006264
2535360.953555796, 0.01012101035920881
3926588.088955718, 0.011562106523664212
6081222.477890324, 0.013748622362735418
9418168.136763658, 0.016158962544172425
14586194.038262252, 0.022591776114256033
22590067.774575416, 0.03031448608927986
34985902.47197248, 0.04907859864407368
54183696.30373434, 0.08608993676965501
83915884.33333325, 0.1259389523888367
69049790.315, 0.10640683494785431
44584799.385, 0.06933888340563805
28787985.119999997, 0.04206975590023217
