402.2803806226877, 1.4383803446303445e-05
1127.0691972546435, 3.477249570999571e-05
3157.7104840011316, 7.939021610896611e-05
8846.959463588153, 0.00014698012744887747
24786.53193411121, 0.0003857791943729444
69444.44222326513, 0.0005470522765390686
100330.03607828334, 0.0008666294642857144
144952.07704465208, 0.0009398708453757225
209419.88521926478, 0.0011282784598214287
302559.9164870201, 0.0008135219449225474
437124.215633995, 0.0013693902725563907
631536.3320832787, 0.0013378548534798535
912413.7361338709, 0.0016973586309523806
1318212.0862936962, 0.002026550751879699
1904490.293859218, 0.0038364955357142855
2751517.2384755793, 0.004448784722222223
3975261.5899590077, 0.004708426339285714
5743269.381571666, 0.0145263671875
8297603.174748237, 0.00939360119047619
11987983.476190487, 0.017473493303571428
10142793.325, 0.028494698660714284
7020436.275, 0.018461681547619044
4859265.484999999, 0.006780133928571429
