402.2803806226877, 9.31741546076017e-07
1440.9378840849793, 5.2798687610974305e-06
5161.33046950338, 1.3510252418102248e-05
18487.495199933914, 6.159846887947002e-05
66220.80891488942, 0.00016507354391313435
237197.92681044072, 0.0006024226729573715
374118.86293618125, 0.0008980435601596012
590076.5048276145, 0.001474843340599882
930694.2687061719, 0.002046830198256657
1467931.3863811037, 0.0029536196100287183
2315285.080801378, 0.004350482450596216
3651768.097006771, 0.0065655551702530224
5759727.104405113, 0.009939753504552076
9084491.52190438, 0.01528735472497889
14328454.233262911, 0.023715950337110745
22599459.77380051, 0.0371946028942616
35644848.61751354, 0.05672122246354328
56220601.98263712, 0.09242022040656855
88673573.03734241, 0.1431999172613507
139859807.22222203, 0.17318233529837623
114266690.13, 0.15487640914262074
72447087.51, 0.10956222389669487
45932725.3, 0.07275829972075706
