402.2803806226877, 9.070447396022314e-05
1226.7279465941701, 0.000252141756354558
3740.8273618161056, 0.00036827089974529744
11407.410575232874, 0.0006524716306274853
34786.15916901325, 0.0010604189225601906
106078.13769403328, 0.0019931896621811804
157965.1881518325, 0.0025703048541663182
235232.26567020942, 0.0038260284357610488
350293.75433753093, 0.005035109274158687
521636.4089266277, 0.006406792498687199
776789.5937296044, 0.00830071130269138
1156748.3837415113, 0.011184548218824746
1722560.18114781, 0.015269817919906295
2565133.1087911236, 0.021424787969816395
3819842.080310925, 0.03094627368228313
5688279.282080044, 0.04340391299394952
8470643.683863305, 0.064850378414578
12613973.5517233, 0.10824089332698035
18783971.407826595, 0.15051460322266105
27971961.444444463, 0.21810196996393733
23377966.425, 0.20870511653998738
15698972.48, 0.1046340408469851
10542308.615, 0.08951086626626831
