402.2803806226877, 7.680671743171744e-06
1226.7279465941701, 3.442337426712427e-05
3740.8273618161056, 6.933551855426856e-05
11407.410575232874, 0.00017030143983268984
34786.15916901325, 0.00034185971685971685
106078.13769403328, 0.0008231732564442304
157965.1881518325, 0.0005795929984745154
235232.26567020942, 0.001027506771669342
350293.75433753093, 0.0009516223563447725
521636.4089266277, 0.0012451171875
776789.5937296044, 0.001161713238536155
1156748.3837415113, 0.0013150008267195767
1722560.18114781, 0.0021294487847222225
2565133.1087911236, 0.002101353236607143
3819842.080310925, 0.003971644810267857
5688279.282080044, 0.005554991883116883
8470643.683863305, 0.006746253188775509
12613973.5517233, 0.018938337053571428
18783971.407826595, 0.03025018601190476
27971961.444444463, 0.039271763392857144
23377966.425, 0.04652622767857143
15698972.48, 0.017333984375
10542308.615, 0.013030133928571429
