402.2803806226877, 1.3406263406263406e-05
1165.6371604473438, 3.5680211461461464e-05
3377.519897223438, 7.247761154011154e-05
9786.61374502015, 0.00015026186901186903
28357.43726423445, 0.0003940184604247104
82167.7721371375, 0.00044677973806799606
120147.25271219149, 0.0009189392468944098
175681.55931250853, 0.0006616416097689075
256884.86075006673, 0.0008051658163265305
375621.8463725967, 0.0011329593515037595
549241.2867787966, 0.0011353880494505495
803110.8787085611, 0.0014315518465909092
1174323.742635539, 0.0016020275297619045
1717118.132847479, 0.001956612723214286
2510802.238858166, 0.0028649154974489783
3671341.9782022284, 0.005177331349206351
5368304.883716992, 0.00814964657738095
7849635.772326363, 0.014334542410714286
11477884.19116811, 0.01253255208333333
16783176.866666652, 0.019461495535714284
14130530.530000001, 0.03428431919642857
9663759.98, 0.017740885416666664
6608970.324999999, 0.010811941964285714
