40.228038062268766, 1.0352683845289079e-07
86.52157084822433, 7.246878691702355e-07
402.2803806226877, 2.898751476680942e-06
1369.1794894287782, 1.0507974102968414e-05
4660.064384374612, 5.202223632257763e-05
15860.740125150962, 0.00014457522989946197
53982.747139948355, 0.00043548564595208506
183732.72405835259, 0.0013506628978756396
284552.2744314198, 0.0020504490490437085
440694.47780232405, 0.0027680678804687343
682516.5012422694, 0.0038454923174466127
1057033.3823809312, 0.005432331170134823
1637058.6929898486, 0.007857467805269452
2535360.953555796, 0.011463795050515499
3926588.088955718, 0.016947687196194022
6081222.477890324, 0.025467359855106463
9418168.136763658, 0.03899257738848182
14586194.038262252, 0.05820603140418438
22590067.774575416, 0.08751022480467098
34985902.47197248, 0.12972238228210922
54183696.30373434, 0.21064742993070637
83915884.33333325, 0.24444099700072397
69049790.315, 0.25976488433826317
44584799.385, 0.1751784052125349
28787985.119999997, 0.1170881166614955
