402.2803806226877, 7.091588434023018e-06
1127.0691972546435, 1.9048938275331906e-05
3157.7104840011316, 6.128788836411134e-05
8846.959463588153, 0.00015824077257524356
24786.53193411121, 0.0004460971468935064
69444.44222326513, 0.0010758024306192428
100330.03607828334, 0.0014377908780639156
144952.07704465208, 0.0018278426315673055
209419.88521926478, 0.002411486882476644
302559.9164870201, 0.002692121261963772
437124.215633995, 0.004135118020514104
631536.3320832787, 0.005359449045455871
912413.7361338709, 0.006651651134017459
1318212.0862936962, 0.009855152930417884
1904490.293859218, 0.011651033835334177
2751517.2384755793, 0.014473517886487172
3975261.5899590077, 0.02132243941117661
5743269.381571666, 0.0349312234977764
8297603.174748237, 0.026321232805874444
11987983.476190487, 0.03733581549281208
10142793.325, 0.0548660668114593
7020436.275, 0.03976626331575137
4859265.484999999, 0.02053986968662737
