402.2803806226877, 3.6308630058630065e-06
1388.9134238089648, 1.8992206492206493e-05
4795.363114280457, 4.9924366330616325e-05
16556.472853965613, 0.00011067149739024738
57162.88565255641, 0.00021296408015158015
197360.60481895355, 0.0006451066021378521
307224.31371061824, 0.0008839056690619192
478245.28619348817, 0.0006707895058708415
744467.6204297008, 0.0007664726324475287
1158886.5669321604, 0.0009747607241697416
1803997.968696918, 0.0012186986863711002
2808220.203706197, 0.001580472771879022
4371457.645376429, 0.0020729847837022137
6804894.402547107, 0.0028041294642857143
10592939.835250182, 0.003978409790640395
16489656.96091173, 0.006913442460317462
25668869.163564242, 0.01072474888392857
39957826.02985998, 0.021344866071428565
62200942.73957697, 0.031162806919642856
96826020.38461527, 0.05838448660714285
79513481.56, 0.04134114583333333
51079384.385000005, 0.026130022321428574
32813347.595, 0.016090029761904764
