40.228038062268766, 2.792971542971543e-07
86.52157084822433, 1.8154315029315028e-06
402.2803806226877, 6.982428857428858e-06
1369.1794894287782, 1.9271503646503645e-05
4660.064384374612, 6.374957546832547e-05
15860.740125150962, 0.0001271500294937795
53982.747139948355, 0.0002450134286071786
183732.72405835259, 0.0007288957484269985
284552.2744314198, 0.0009786141018907563
440694.47780232405, 0.0007716969367650738
682516.5012422694, 0.0008234059588509316
1057033.3823809312, 0.0011260363520408164
1637058.6929898486, 0.0012738168183940243
2535360.953555796, 0.0017044045364357863
3926588.088955718, 0.0020762852260044645
6081222.477890324, 0.0029075702308362372
9418168.136763658, 0.003941127232142857
14586194.038262252, 0.006413307510504202
22590067.774575416, 0.010463169642857142
34985902.47197248, 0.019531249999999993
54183696.30373434, 0.03437151227678571
83915884.33333325, 0.0575009300595238
69049790.315, 0.03838820684523809
44584799.385, 0.027943638392857146
28787985.119999997, 0.016278948102678572
