402.2803806226877, 1.0352683845289079e-07
1500.563524837381, 7.764512883966809e-07
5597.317195998982, 3.6234393458511777e-06
20878.796048318713, 1.009386674915685e-05
77880.90421941639, 4.016841331972163e-05
290506.94436580484, 0.00011636416642104924
464883.58203725336, 0.0001989785835064561
743929.7030216773, 0.0003198979308194325
1190473.1085847872, 0.0005082650133844673
1905053.954032307, 0.0008584963078705968
3048561.5690122545, 0.0014123745992346674
4878459.017072454, 0.002160364066376143
7806751.427679585, 0.0033366408967495007
12492749.788467111, 0.005257082342193263
19991516.15406734, 0.008413397241807272
31991413.011992678, 0.013434538289858071
51194241.528083004, 0.021340107560244077
81923557.5700645, 0.03518362562731163
131098129.0982511, 0.05557968766159893
209789710.83333308, 0.0696556003723239
170443919.965, 0.08041162478022547
106510843.335, 0.045997517840521245
66558899.55, 0.028325059468404173
