40.228038062268766, 1.0179378719525694e-05
86.52157084822433, 5.9354113343844226e-05
402.2803806226877, 0.00014536922954988174
1369.1794894287782, 0.0002678755544605151
4660.064384374612, 0.0005677417130185724
15860.740125150962, 0.0008996296486147061
53982.747139948355, 0.001663486882028624
183732.72405835259, 0.003142503874524663
284552.2744314198, 0.0036785689316981944
440694.47780232405, 0.004210166998143005
682516.5012422694, 0.004828451778087319
1057033.3823809312, 0.005838311049609349
1637058.6929898486, 0.006909786177179769
2535360.953555796, 0.00811816206561827
3926588.088955718, 0.00886754411056644
6081222.477890324, 0.01000856069347114
9418168.136763658, 0.011705950327219666
14586194.038262252, 0.015764345521859683
22590067.774575416, 0.02279621560989738
34985902.47197248, 0.043542442477717075
54183696.30373434, 0.09189479154819602
83915884.33333325, 0.1474073652124164
69049790.315, 0.1385313682803563
44584799.385, 0.06758302161284677
28787985.119999997, 0.03418751096449252
