402.2803806226877, 0.00011403363771051479
1388.9134238089648, 0.0002633167028046967
4795.363114280457, 0.00046845036720842656
16556.472853965613, 0.0007786253881374112
57162.88565255641, 0.0014323999004979208
197360.60481895355, 0.002878052603616355
307224.31371061824, 0.003201504264391206
478245.28619348817, 0.003572660701731297
744467.6204297008, 0.004147179595667788
1158886.5669321604, 0.005047601459483019
1803997.968696918, 0.0059291444695702
2808220.203706197, 0.007251769069456838
4371457.645376429, 0.007855503247713528
6804894.402547107, 0.008680544402119541
10592939.835250182, 0.010395323285649774
16489656.96091173, 0.01482518716399444
25668869.163564242, 0.02169136855696126
39957826.02985998, 0.04662195214984337
62200942.73957697, 0.09911860291804918
96826020.38461527, 0.15555076277703456
79513481.56, 0.14519017690064537
51079384.385000005, 0.0720439699289827
32813347.595, 0.03256939600603078
