402.2803806226877, 6.677481080211456e-06
1165.6371604473438, 2.044655059444593e-05
3377.519897223438, 4.984817271506691e-05
9786.61374502015, 0.0001741321422777623
28357.43726423445, 0.0004902513434936643
82167.7721371375, 0.0011706714208256682
120147.25271219149, 0.0016044449194768235
175681.55931250853, 0.0020522429677217874
256884.86075006673, 0.0027698979064166773
375621.8463725967, 0.0037499115458519087
549241.2867787966, 0.004782134816264509
803110.8787085611, 0.006395791611429217
1174323.742635539, 0.008253180266832146
1717118.132847479, 0.011717861205915815
2510802.238858166, 0.0158717846431157
3671341.9782022284, 0.02223026625757001
5368304.883716992, 0.029656634605440067
7849635.772326363, 0.041511531699245006
11477884.19116811, 0.037559899334643355
16783176.866666652, 0.06089047471300031
14130530.530000001, 0.07045713103733582
9663759.98, 0.0510394042817251
6608970.324999999, 0.04013858723756335
