402.2803806226877, 2.513674388674389e-06
1440.9378840849793, 1.0962413306163307e-05
5161.33046950338, 2.499709530959531e-05
18487.495199933914, 7.2826732982983e-05
66220.80891488942, 0.00013895033426283428
237197.92681044072, 0.00038864199020449024
374118.86293618125, 0.00046537888334763345
590076.5048276145, 0.00045860592735592735
930694.2687061719, 0.0006928874456867318
1467931.3863811037, 0.0007140439423720309
2315285.080801378, 0.0009029327876984127
3651768.097006771, 0.0010811941964285715
5759727.104405113, 0.0016519421728971961
9084491.52190438, 0.0020707705890191893
14328454.233262911, 0.003406343005952381
22599459.77380051, 0.005604502918956042
35644848.61751354, 0.009791782924107142
56220601.98263712, 0.02125961061507937
88673573.03734241, 0.03628627232142857
139859807.22222203, 0.05791945684523809
114266690.13, 0.04609026227678571
72447087.51, 0.02615792410714285
45932725.3, 0.014264787946428572
