402.2803806226877, 0.0002013263704539329
1440.9378840849793, 0.0006938161503653484
5161.33046950338, 0.0012107414620117765
18487.495199933914, 0.00208811326986477
66220.80891488942, 0.002672095382425175
237197.92681044072, 0.005051688139433401
374118.86293618125, 0.005650100298943084
590076.5048276145, 0.00417375234377026
930694.2687061719, 0.005434974139971316
1467931.3863811037, 0.004970515361022014
2315285.080801378, 0.005452372392409761
3651768.097006771, 0.006109921343733781
5759727.104405113, 0.008128284518215243
9084491.52190438, 0.008646310267245478
14328454.233262911, 0.011960387027049466
22599459.77380051, 0.01586290327117813
35644848.61751354, 0.023086816134821553
56220601.98263712, 0.04493011081858901
88673573.03734241, 0.07707503425429563
139859807.22222203, 0.12630052309405518
114266690.13, 0.09694458877345105
72447087.51, 0.05525042359498578
45932725.3, 0.033188937828569694
