402.2803806226877, 2.792971542971543e-07
1500.563524837381, 2.094728657228657e-06
5597.317195998982, 7.959968897468898e-06
20878.796048318713, 2.059816512941513e-05
77880.90421941639, 5.5231012262262264e-05
290506.94436580484, 0.00011597814332189331
464883.58203725336, 0.0001497032747032747
743929.7030216773, 0.00020730831277706278
1190473.1085847872, 0.00022259983197483202
1905053.954032307, 0.00033669271950521955
3048561.5690122545, 0.0003812560180322129
4878459.017072454, 0.0005320325707945901
7806751.427679585, 0.0006979903582838886
12492749.788467111, 0.000980558849516369
19991516.15406734, 0.0014750663870073892
31991413.011992678, 0.0025050951086956525
51194241.528083004, 0.005142647879464286
81923557.5700645, 0.01018747342687075
131098129.0982511, 0.019956752232142858
209789710.83333308, 0.03129650297619047
170443919.965, 0.03712332589285715
106510843.335, 0.014419244260204078
66558899.55, 0.007511061065051018
