0.0632794150898761, 0.0
0.12666972105638516, 0.0
0.2535614181912603, 3.130385617756318e-06
0.5075671775304846, 6.260771235512636e-06
1.016023816020533, 1.8679114180677807e-05
2.0338281126519955, 3.677343104814839e-05
4.071220306640905, 8.025483127720318e-05
8.149575021653447, 0.0001701072184593955
16.31343136239073, 0.0005273151773031495
32.65545038953937, 0.00034069603470613817
65.36812620563174, 0.0004751994167437997
130.85080354623364, 0.002096498367847899
261.93091010187015, 0.003250509865857472
524.3208280532476, 0.005579452474282556
1049.5604761710804, 0.008967369647125401
2100.96020261204, 0.015010186630641166
4205.602128866873, 0.02469374268499964
8418.574156873567, 0.03184442852472682
16851.901027041462, 0.028264430621899952
33733.33333333337, 0.006684078490669782
25292.615, 0.028238574717835172
12635.235, 0.026220832331007936
6312.085, 0.02839772688221089
