0.0632794150898761, 3.538892427781317e-05
0.12269249605076131, 0.00011122233344455567
0.23788855452891877, 0.00026794471238915683
0.46124226173086497, 0.0005030282808060586
0.8943028992205745, 0.0010616677283343948
1.7339644302173585, 0.0021991688658355322
3.3619846786580068, 0.005702672369339036
6.518554119425812, 0.01834157389712945
12.6388285103204, 0.038925288925288924
24.505432214983053, 0.007808313363868921
47.513597288923606, 0.007333090666424
92.12414241580713, 0.005523773991626248
178.61955524521764, 0.007053291536050157
346.32556330342544, 0.011663021972300321
671.4908433893116, 0.02094174063871034
1301.954000896671, 0.036244800950683304
2524.359396913012, 0.062354312354312345
4894.481955886526, 0.045066045066045064
9489.91401374701, 0.07154882154882156
18400.000000000015, 0.09974747474747475
13944.955, 0.06313131313131314
7192.195, 0.059343434343434344
3709.42, 0.06951871657754011
