0.0632794150898761, 0.000369713254644184
0.12161847283075136, 0.00075218774206919
0.23374193507756655, 0.001690166612674999
0.449235144482021, 0.00324829113064803
0.8633975541051783, 0.006627141458755262
1.6593878408474303, 0.013032363544113563
3.189223774447777, 0.027865611142484054
6.129458124936388, 0.06442944612367008
11.780376531231049, 0.1135566625871341
22.641034229925427, 0.011581744291165154
43.514435183090576, 0.009149652704573234
83.63160666930486, 0.008137034427541302
160.7339174841738, 0.008655367386445113
308.91899915264366, 0.012620881928676409
593.7200407429092, 0.0201010899151065
1141.0871061562063, 0.031930801884550226
2193.08713616384, 0.05661491685801407
4214.955335889065, 0.06280406040279383
8100.840222252101, 0.09987238056006688
15569.230769230755, 0.13744015361539277
11835.035, 0.11377656895019002
6157.9, 0.0712972687965394
3204.025, 0.056790428438160234
