0.0632794150898761, 4.5029393116956257e-05
0.11392445462156493, 1.554872856292149e-05
0.2051027390564083, 4.220860607678024e-05
0.36925464078963577, 8.655000235466918e-05
0.6647838559931842, 0.00040072375891476205
1.1968368880729607, 0.0007186470982477718
2.1547131804398907, 0.001307950790750887
3.879216070484586, 0.002843284536813524
6.983907398029522, 0.004443977982587557
12.573407012659285, 0.007129333230066035
22.636406082731597, 0.009444807447045123
40.75322462928476, 0.014330527930790217
73.36965557230911, 0.021218779183973763
132.09031696920104, 0.03127029143703618
237.80746551042967, 0.04651362589779717
428.13426411627347, 0.0671724861305558
770.7871900360669, 0.09384673541517419
1387.678917850745, 0.15107048352177047
2498.2936975863763, 0.21203477782741675
4497.777777777777, 0.22193202515550361
3498.035, 0.3880545723220729
1942.9850000000001, 0.1412282209010619
1079.2350000000001, 0.11395198765898792
