0.0632794150898761, 0.00011122233344455567
0.12070592908264088, 0.00023002800780578557
0.23024740818178852, 0.0004221393110281999
0.43919854954378734, 0.0008392230614452837
0.8377743204347772, 0.0016607516607516607
1.598060405046893, 0.00394333727667061
3.048311455587829, 0.012815846149179482
5.814675528485621, 0.030952669841558728
11.091534442647562, 0.0746630468852691
21.15717991309433, 0.006731478953701176
40.35746940061737, 0.0056217833995611775
76.98215655923677, 0.00682058682058682
146.84400475368207, 0.009044995408631771
280.1059712520112, 0.015081369248035915
534.3041090621391, 0.02602693602693603
1019.1888437245746, 0.045130795130795126
1944.1098834069212, 0.0859848484848485
3708.4032679834368, 0.06085858585858584
7073.805300495844, 0.09393939393939393
13493.333333333323, 0.08164983164983165
10283.57, 0.12962962962962962
5391.1050000000005, 0.06854256854256853
2826.255, 0.10912698412698411
