0.0632794150898761, 0.0005810321741416693
0.10895565076704718, 0.0010168339935165635
0.18760182623701294, 0.0012334195147157678
0.32301624523091454, 0.0034966676330355703
0.5561752610619983, 0.007201858584200025
0.9576327060462568, 0.012967116548343368
1.648869455175658, 0.02549124893567531
2.839053494148252, 0.047358689297061156
4.888334074802013, 0.08058543544191367
8.416822746074903, 0.0697178076271707
14.492238880321045, 0.08291400852788612
24.95300116213472, 0.0223795387137173
42.964532405202974, 0.02136001032960835
73.97711532987465, 0.0312170199707221
127.37514610695149, 0.0448940096083956
219.31684918261777, 0.06048838702948961
377.62375004464093, 0.1041335270210899
650.1994585880607, 0.13792133135779164
1119.5252838261115, 0.16636029385859197
1927.6190476190477, 0.2458330415089083
1523.5749999999998, 0.2415645267197352
884.865, 0.22453013410068937
513.9100000000001, 0.14217912696129334
