0.0632794150898761, 5.589024801141391e-05
0.12269249605076131, 0.0001705647679591875
0.23788855452891877, 0.00039283292594255643
0.46124226173086497, 0.0007167899186821846
0.8943028992205745, 0.0015478825246877043
1.7339644302173585, 0.002843107159046508
3.3619846786580068, 0.005155137278479557
6.518554119425812, 0.008352893901612105
12.6388285103204, 0.016919318857326074
24.505432214983053, 0.006279137800817968
47.513597288923606, 0.007406017321857933
92.12414241580713, 0.008313662060814625
178.61955524521764, 0.010281878461186016
346.32556330342544, 0.013284175982891574
671.4908433893116, 0.01845057508841695
1301.954000896671, 0.02695350428032457
2524.359396913012, 0.04137502238698721
4894.481955886526, 0.05754620677905702
9489.91401374701, 0.09218726617313401
18400.000000000015, 0.23366153560346853
13944.955, 0.12288874700983071
7192.195, 0.07473472723487137
3709.42, 0.05234671970156807
