0.0632794150898761, 0.0001056283207299019
0.12269249605076131, 0.0002187018643043581
0.23788855452891877, 0.0004381556091771725
0.46124226173086497, 0.0007576623579928592
0.8943028992205745, 0.0015827567265608263
1.7339644302173585, 0.002817357308290997
3.3619846786580068, 0.005180087642311401
6.518554119425812, 0.008371915107544224
12.6388285103204, 0.01689616058567763
24.505432214983053, 0.006272147544692004
47.513597288923606, 0.007396110737732966
92.12414241580713, 0.008314056994439434
178.61955524521764, 0.010284689030273521
346.32556330342544, 0.013298634224485795
671.4908433893116, 0.01849054767458565
1301.954000896671, 0.02715111314908306
2524.359396913012, 0.04319308071550178
4894.481955886526, 0.06239580805611172
9489.91401374701, 0.10980358624617878
18400.000000000015, 0.15742734013722384
