0.0632794150898761, 0.0005581302280054836
0.12070592908264088, 0.0011293804448087397
0.23024740818178852, 0.0020768003625274015
0.43919854954378734, 0.004040383038771344
0.8377743204347772, 0.007874659660170914
1.598060405046893, 0.01590253892912534
3.048311455587829, 0.03519200652346854
5.814675528485621, 0.07870289811701256
11.091534442647562, 0.12442147429459388
21.15717991309433, 0.01056166355856732
40.35746940061737, 0.007188402771683397
76.98215655923677, 0.008376498740917481
146.84400475368207, 0.009973563634586619
280.1059712520112, 0.014790476247406556
534.3041090621391, 0.022243307005686414
1019.1888437245746, 0.03265323360180065
1944.1098834069212, 0.07168103994504617
3708.4032679834368, 0.05278381870604024
7073.805300495844, 0.09981617631515517
13493.333333333323, 0.14335241728515788
10283.57, 0.16249934050726153
5391.1050000000005, 0.07137024452577218
2826.255, 0.08753289899264176
