0.0632794150898761, 6.260771235512636e-06
0.12161847283075136, 1.5067130775574363e-05
0.23374193507756655, 3.264545001374446e-05
0.449235144482021, 6.62196957602298e-05
0.8633975541051783, 0.00014705932435064018
1.6593878408474303, 0.00035077518839847445
3.189223774447777, 0.0012890308776765354
6.129458124936388, 0.003042287622513747
11.780376531231049, 0.005667511561184883
22.641034229925427, 0.005279653343160679
43.514435183090576, 0.009919091227727264
83.63160666930486, 0.013326907071520403
160.7339174841738, 0.019354091665548516
308.91899915264366, 0.02883134094587612
593.7200407429092, 0.04426432588912399
1141.0871061562063, 0.06912608680710676
2193.08713616384, 0.11480713176647743
4214.955335889065, 0.17203652734083327
8100.840222252101, 0.23288085501219974
15569.230769230755, 0.15305222401686194
11835.035, 0.12086325990583868
6157.9, 0.1821859366792182
3204.025, 0.14534061880706095
