0.0632794150898761, 0.000184856627322092
0.12399519421419282, 0.000369713254644184
0.24296697696049294, 0.00075218774206919
0.47609064421759373, 0.001690166612674999
0.9328934505711831, 0.0034454628473378902
1.827992632682042, 0.007007880550511451
3.581927885862942, 0.014113237186682646
7.018741295854133, 0.031597337438337904
13.753132655896561, 0.07398829086546381
26.94908529573753, 0.01429503188102843
52.806383567133025, 0.0056629432913596
103.47342460191884, 0.004879100689366881
202.75483522247717, 0.0062163490196045865
397.2954733473809, 0.008832051009169877
778.4953338800625, 0.01376247411224365
1525.4515229352182, 0.022991625282447418
2989.1025001106527, 0.039570150462741364
5857.107631303724, 0.03714096224414189
11476.92653678032, 0.06595716355287344
22488.888888888905, 0.19179870619903172
16982.91, 0.10476755065105553
8667.02, 0.0498921139907447
4423.105, 0.03527655691276702
