0.0632794150898761, 5.589024801141391e-05
0.12399519421419282, 0.00011178049602282782
0.24296697696049294, 0.00023335512041262297
0.47609064421759373, 0.0004929198618767001
0.9328934505711831, 0.0010228813961702383
1.827992632682042, 0.0020933159561612523
3.581927885862942, 0.003655588214916006
7.018741295854133, 0.006914558710827286
13.753132655896561, 0.01125881136643422
26.94908529573753, 0.0044174538840609165
52.806383567133025, 0.00571040803696714
103.47342460191884, 0.00605618885916671
202.75483522247717, 0.007536154821006015
397.2954733473809, 0.009787358898709365
778.4953338800625, 0.013779986673321882
1525.4515229352182, 0.020772373114988685
2989.1025001106527, 0.03207380851963031
5857.107631303724, 0.045317126832876115
11476.92653678032, 0.07594527834916708
22488.888888888905, 0.2101425766732473
16982.91, 0.1203170557002722
8667.02, 0.05683842583088387
4423.105, 0.03929878253135648
