0.0632794150898761, 1.2418342945165173e-05
0.11090233962273302, 2.2428696953594713e-05
0.1943654017080786, 3.6360632944708e-05
0.3406412300196322, 0.00017915437689313083
0.5970015577338476, 0.00034919279566861955
1.0462939554207793, 0.0006571401808351531
1.833715552276847, 0.0014555605125727812
3.2137361677767755, 0.001909672826199167
5.632334929620134, 0.002404342553488572
9.871126658590887, 0.006616434376838514
17.29995512119079, 0.008180209909059162
30.319583320789775, 0.01279787151303807
53.137544363932356, 0.018275733033972147
93.12788342618049, 0.027219092996212037
163.21421652535028, 0.03939850657607282
286.0462355197812, 0.05340389704113544
501.3193739917225, 0.085754274592379
878.6031191173391, 0.0951693643538724
1539.8236752275654, 0.19243502067654097
2698.666666666668, 0.1203649609952232
2119.245, 0.2647170005842125
1209.21, 0.12209182446132169
689.96, 0.12774493968864908
