0.0632794150898761, 3.1303856177563178e-06
0.12269249605076131, 1.038875226991657e-05
0.23788855452891877, 2.5903080990884696e-05
0.46124226173086497, 4.91573741513602e-05
0.8943028992205745, 0.00011007949425077162
1.7339644302173585, 0.00023402212480874978
3.3619846786580068, 0.0007385646067387709
6.518554119425812, 0.002240358506896876
12.6388285103204, 0.00504828000618234
24.505432214983053, 0.0044787218229604565
47.513597288923606, 0.006641027088465144
92.12414241580713, 0.01087240788310334
178.61955524521764, 0.015843380363549917
346.32556330342544, 0.023737132001914543
671.4908433893116, 0.03687724351664694
1301.954000896671, 0.05861127226931186
2524.359396913012, 0.09513940473767273
4894.481955886526, 0.12802184584720067
9489.91401374701, 0.15294340011684252
18400.000000000015, 0.16110519261830303
13944.955, 0.1005790576995773
7192.195, 0.15069246365854497
3709.42, 0.12437055649779757
