0.0632794150898761, 0.00011880567436122991
0.10895565076704718, 0.00023255578811134364
0.18760182623701294, 0.0003008058563614119
0.32301624523091454, 0.0012310290088067867
0.5561752610619983, 0.0028816695483362153
0.9576327060462568, 0.005791144680033568
1.648869455175658, 0.016650488872711096
2.839053494148252, 0.030990586546142108
4.888334074802013, 0.05720245937637242
8.416822746074903, 0.05100484006734006
14.492238880321045, 0.062316715542522
24.95300116213472, 0.01630502556428482
42.964532405202974, 0.018912529550827423
73.97711532987465, 0.030677141788252895
127.37514610695149, 0.04838709677419354
219.31684918261777, 0.07098765432098766
377.62375004464093, 0.1191919191919192
650.1994585880607, 0.11868686868686869
1119.5252838261115, 0.17676767676767677
1927.6190476190477, 0.20454545454545456
1523.5749999999998, 0.3143939393939394
884.865, 0.2657828282828283
513.9100000000001, 0.1309523809523809
