0.0632794150898761, 0.0001705647679591875
0.12070592908264088, 0.00033737946595885024
0.23024740818178852, 0.0006015967064387525
0.43919854954378734, 0.0012168224979349218
0.8377743204347772, 0.002286355476823227
1.598060405046893, 0.004064149634354766
3.048311455587829, 0.007244666913872166
5.814675528485621, 0.012163161319105118
11.091534442647562, 0.01772355206112176
21.15717991309433, 0.0081938454222281
40.35746940061737, 0.009367755243209765
76.98215655923677, 0.011997826648432151
146.84400475368207, 0.014750446051208102
280.1059712520112, 0.018842647152228276
534.3041090621391, 0.025379135236524346
1019.1888437245746, 0.03696296668576503
1944.1098834069212, 0.05705315623791235
3708.4032679834368, 0.07598702825427987
7073.805300495844, 0.11900266832831614
13493.333333333323, 0.1666561428847004
10283.57, 0.1667527553608338
5391.1050000000005, 0.08969082788775533
2826.255, 0.07095154962789457
