0.0632794150898761, 0.0006585879739572023
0.11392445462156493, 0.00023435432054879835
0.2051027390564083, 0.0005694528911078571
0.36925464078963577, 0.0009123382565322176
0.6647838559931842, 0.0018406642295329726
1.1968368880729607, 0.002417836457009909
2.1547131804398907, 0.004618351446744192
3.879216070484586, 0.005806208533130755
6.983907398029522, 0.007305546223923253
12.573407012659285, 0.007798202956448812
22.636406082731597, 0.00831747041634412
40.75322462928476, 0.011536564768982302
73.36965557230911, 0.015749859090132334
132.09031696920104, 0.021124262791864228
237.80746551042967, 0.029646175429098597
428.13426411627347, 0.043312775494969924
770.7871900360669, 0.06841428630267377
1387.678917850745, 0.09132059084600584
2498.2936975863763, 0.141802404596587
4497.777777777777, 0.24841938086254203
3498.035, 0.20842489069439268
1942.9850000000001, 0.1261571075018063
1079.2350000000001, 0.08312634902826727
