0.0632794150898761, 0.0022710934965106226
0.11392445462156493, 0.0007600342246158513
0.2051027390564083, 0.00192437475851682
0.36925464078963577, 0.0035443581429886665
0.6647838559931842, 0.007706271069731091
1.1968368880729607, 0.01565427608043385
2.1547131804398907, 0.029087746479857762
3.879216070484586, 0.058639758514881034
6.983907398029522, 0.11692296992641524
12.573407012659285, 0.12359047554855998
22.636406082731597, 0.015655686085473092
40.75322462928476, 0.011340272957490795
73.36965557230911, 0.01594968405458
132.09031696920104, 0.02510458145989542
237.80746551042967, 0.034261789525494274
428.13426411627347, 0.04740477231970331
770.7871900360669, 0.07317536568075989
1387.678917850745, 0.07205892511104842
2498.2936975863763, 0.15381773109277994
4497.777777777777, 0.23614486875838356
3498.035, 0.24285460012181467
1942.9850000000001, 0.09971262656832058
1079.2350000000001, 0.10467047520296983
