0.0632794150898761, 0.0001818649535233662
0.11090233962273302, 0.00030147225853519407
0.1943654017080786, 0.0003774135763726874
0.3406412300196322, 0.0009419288805519134
0.5970015577338476, 0.0012696194321299462
1.0462939554207793, 0.0023559431288500657
1.833715552276847, 0.003187111479731009
3.2137361677767755, 0.003224442823188556
5.632334929620134, 0.002576056681310373
9.871126658590887, 0.007940114729100297
17.29995512119079, 0.007734581675650178
30.319583320789775, 0.011134238957832577
53.137544363932356, 0.015476370305382911
93.12788342618049, 0.02140480276509872
163.21421652535028, 0.030298080994769758
286.0462355197812, 0.04526834583624074
501.3193739917225, 0.07369532475222046
878.6031191173391, 0.10321473892135517
1539.8236752275654, 0.18164272265331186
2698.666666666668, 0.21376331926275374
2119.245, 0.24956644384573076
1209.21, 0.14430144488159244
689.96, 0.08615324301847097
