0.0632794150898761, 7.077784855562634e-05
0.12161847283075136, 0.0001541945986390431
0.23374193507756655, 0.00034125034125034127
0.449235144482021, 0.0006673340006673341
0.8633975541051783, 0.0014029180695847364
1.6593878408474303, 0.003048503048503048
3.189223774447777, 0.009188481410703633
6.129458124936388, 0.0252676919343586
11.780376531231049, 0.04894793783682672
22.641034229925427, 0.007001951446395891
43.514435183090576, 0.006789617900729012
83.63160666930486, 0.0063925680647534955
160.7339174841738, 0.00795374123399601
308.91899915264366, 0.013091033029683336
593.7200407429092, 0.023779461279461282
1141.0871061562063, 0.04160927456382002
2193.08713616384, 0.06324609733700644
4214.955335889065, 0.06588613406795225
8100.840222252101, 0.09494949494949494
15569.230769230755, 0.0723905723905724
11835.035, 0.07323232323232323
6157.9, 0.06709956709956709
3204.025, 0.07592592592592592
