0.0632794150898761, 0.00011178049602282781
0.12161847283075136, 0.000233355120412623
0.23374193507756655, 0.0004929198618767001
0.449235144482021, 0.0009592397168496716
0.8633975541051783, 0.001996722836370887
1.6593878408474303, 0.0034853670212764685
3.189223774447777, 0.006354403960328052
6.129458124936388, 0.00983977478565246
11.780376531231049, 0.01769301699563988
22.641034229925427, 0.007309511605244835
43.514435183090576, 0.008812838887676205
83.63160666930486, 0.01028206663830993
160.7339174841738, 0.01271127990961395
308.91899915264366, 0.016305364900419825
593.7200407429092, 0.02236873683226834
1141.0871061562063, 0.03201526442685739
2193.08713616384, 0.049480151064359955
4214.955335889065, 0.07338959919725353
8100.840222252101, 0.11830323806551411
15569.230769230755, 0.16610967680756278
11835.035, 0.12773673952681447
6157.9, 0.08940645115404618
3204.025, 0.06167807788190491
