0.0632794150898761, 1.1867945473911314e-05
0.10895565076704718, 2.6487878304091917e-05
0.18760182623701294, 3.852782298777007e-05
0.32301624523091454, 0.0001577232753561837
0.5561752610619983, 0.00036601431838381563
0.9576327060462568, 0.0006452722353612418
1.648869455175658, 0.001179226582161391
2.839053494148252, 0.0017883101837876916
4.888334074802013, 0.0032643019590128186
8.416822746074903, 0.0046060431629952915
14.492238880321045, 0.007974014306124157
24.95300116213472, 0.01160215509505863
42.964532405202974, 0.016989689636186956
73.97711532987465, 0.025474974957775055
127.37514610695149, 0.03641628301160997
219.31684918261777, 0.05344399005693209
377.62375004464093, 0.06391972232722774
650.1994585880607, 0.048764562356094714
1119.5252838261115, 0.1589058043231726
1927.6190476190477, 0.09579366988556308
1523.5749999999998, 0.1554005292278085
884.865, 0.16500567029794838
513.9100000000001, 0.08913904748813165
