0.0632794150898761, 5.175590835666349e-05
0.12269249605076131, 0.00016088334244467137
0.23788855452891877, 0.0003737368323718657
0.46124226173086497, 0.0006902936117445046
0.8943028992205745, 0.001512313149666803
1.7339644302173585, 0.0027932119475428977
3.3619846786580068, 0.00504714445361325
6.518554119425812, 0.008150922008673392
12.6388285103204, 0.016707150346931002
24.505432214983053, 0.006039952001560676
47.513597288923606, 0.007277483119098103
92.12414241580713, 0.008317743845584043
178.61955524521764, 0.010291124637390446
346.32556330342544, 0.013310817792772303
671.4908433893116, 0.018517194583051573
1301.954000896671, 0.027164338808835235
2524.359396913012, 0.0430165480136583
4894.481955886526, 0.061090773383933865
9489.91401374701, 0.07508377774080424
18400.000000000015, 0.06183021138285078
