0.0632794150898761, 1.038875226991657e-05
0.12070592908264088, 2.2291097585781253e-05
0.23024740818178852, 4.090141208255233e-05
0.43919854954378734, 8.493320978286099e-05
0.8377743204347772, 0.0001701072184593955
1.598060405046893, 0.00047832980236155604
3.048311455587829, 0.0017633358985295476
5.814675528485621, 0.00400998957650389
11.091534442647562, 0.007697480634694972
21.15717991309433, 0.0063697155349789454
40.35746940061737, 0.010767322530613367
76.98215655923677, 0.015510007707677732
146.84400475368207, 0.022358906429149398
280.1059712520112, 0.033089386424123006
534.3041090621391, 0.05029359542710517
1019.1888437245746, 0.07945113983122161
1944.1098834069212, 0.12996666552115194
3708.4032679834368, 0.18162823464723873
7073.805300495844, 0.24099797243891546
13493.333333333323, 0.16853958326173865
10283.57, 0.21867876330228983
5391.1050000000005, 0.1925348441036265
2826.255, 0.16499585160020225
