0.0632794150898761, 0.0
0.12666972105638516, 0.0
0.2535614181912603, 0.000184856627322092
0.5075671775304846, 0.000369713254644184
1.016023816020533, 0.0009402799112294252
2.0338281126519955, 0.0018830911418985417
4.071220306640905, 0.003841596562323793
8.149575021653447, 0.007874659660170914
16.31343136239073, 0.01658824273709398
32.65545038953937, 0.005206257947724184
65.36812620563174, 0.004128838776233206
130.85080354623364, 0.003281896130035244
261.93091010187015, 0.003286141619362199
524.3208280532476, 0.0037018530246160403
1049.5604761710804, 0.005529742537623475
2100.96020261204, 0.008202283240924058
4205.602128866873, 0.01117477959011799
8418.574156873567, 0.013693222692120649
16851.901027041462, 0.028260272390985417
33733.33333333337, 0.03544360820105606
25292.615, 0.05086835931465522
12635.235, 0.019771078654096073
6312.085, 0.010755469949607417
