0.0632794150898761, 2.6831876723625582e-06
0.12269249605076131, 8.943958907875195e-06
0.23788855452891877, 2.3907890157589458e-05
0.46124226173086497, 4.6164587901417334e-05
0.8943028992205745, 0.0001064331110037148
1.7339644302173585, 0.00022593816194970873
3.3619846786580068, 0.0006901296292684312
6.518554119425812, 0.002085593617948682
12.6388285103204, 0.004812021891646621
24.505432214983053, 0.0038412927515645823
47.513597288923606, 0.005799331755550183
92.12414241580713, 0.009510812397641169
178.61955524521764, 0.013203257552216104
346.32556330342544, 0.0186120754495053
671.4908433893116, 0.026841145917402835
1301.954000896671, 0.03937134151230856
2524.359396913012, 0.06019503710146001
4894.481955886526, 0.06721351777882931
9489.91401374701, 0.04563157955027091
18400.000000000015, 0.007766589917179285
