0.0632794150898761, 5.813573290118875e-06
0.12269249605076131, 1.307193994227913e-05
0.23788855452891877, 2.8586268663247255e-05
0.46124226173086497, 5.184056182372276e-05
0.8943028992205745, 0.00011276268192313417
1.7339644302173585, 0.00022948134567090544
3.3619846786580068, 0.0007412477944111334
6.518554119425812, 0.002243041694569238
12.6388285103204, 0.005043257629257148
24.505432214983053, 0.004473871445245032
47.513597288923606, 0.006534043579990176
92.12414241580713, 0.010877109037974942
178.61955524521764, 0.01585249586543623
346.32556330342544, 0.02375626327896626
671.4908433893116, 0.036894252674863695
1301.954000896671, 0.05887541449103096
2524.359396913012, 0.09833803434958113
4894.481955886526, 0.14252670591376387
9489.91401374701, 0.14947249046358982
18400.000000000015, 0.05579229526787862
