1450.8810129636056, 1.685377938863806e-05
4139.652406621839, 3.9877440542847344e-05
11811.2525386531, 7.146843263996623e-05
33699.85516385013, 0.0003153298664749957
96152.39656826301, 0.0043902600877293325
274341.9317640843, 0.012342631615358667
398942.94748685206, 0.014935140221248568
580135.432910636, 0.017693546821884492
843622.1836695154, 0.020768871593264803
1226779.7283275975, 0.023974430237302034
1783960.3213007757, 0.027754234858317482
2594202.002599209, 0.03214279249049944
3772440.4236651673, 0.036199754908061176
5485812.876500848, 0.04084515420158286
7977367.310348187, 0.045410272861484885
11600539.543886822, 0.045779208403079044
16869289.38757977, 0.04823667114954348
24531007.66264559, 0.04266330538028713
35672536.23545268, 0.04382292131018985
51874340.38461535, 0.08588688519484215
43773438.31, 0.06760765634679408
30101771.950000003, 0.03764319630290261
20700148.525, 0.04658674907876088
