1450.8810129636056, 3.179423763184793e-05
4139.652406621839, 0.0001383047960545026
11811.2525386531, 0.0004088744460693124
33699.85516385013, 0.0019604630600225416
96152.39656826301, 0.003578085823401175
274341.9317640843, 0.014835452793996649
398942.94748685206, 0.011938734717098555
580135.432910636, 0.006975861460014739
843622.1836695154, 0.0076840725297684966
1226779.7283275975, 0.007520701463766979
1783960.3213007757, 0.008317338184590534
2594202.002599209, 0.00958679136559231
3772440.4236651673, 0.012692256979373314
5485812.876500848, 0.016441475847455596
7977367.310348187, 0.022676663632844558
11600539.543886822, 0.02878213028346512
16869289.38757977, 0.04270817009097608
24531007.66264559, 0.0591084517287049
35672536.23545268, 0.08883588926528375
51874340.38461535, 0.11733615774185795
43773438.31, 0.11556133232185499
30101771.950000003, 0.07175346420988055
20700148.525, 0.04788526396034025
