1450.8810129636056, 1.7027687701309837e-07
4139.652406621839, 7.946254260611258e-07
11811.2525386531, 2.383876278183377e-06
33699.85516385013, 1.9808876692523777e-05
96152.39656826301, 0.002140266826136638
274341.9317640843, 0.0148424011294635
398942.94748685206, 0.019461350598033535
580135.432910636, 0.025119465669750745
843622.1836695154, 0.031951832193400656
1226779.7283275975, 0.03952598616300765
1783960.3213007757, 0.0480370180916211
2594202.002599209, 0.05747831140848265
3772440.4236651673, 0.06627713973483988
5485812.876500848, 0.07684282150147424
7977367.310348187, 0.0904144930823316
11600539.543886822, 0.10301979716813012
16869289.38757977, 0.13337617499558985
24531007.66264559, 0.1764194450744689
35672536.23545268, 0.24802959854842369
51874340.38461535, 0.30949950858093295
43773438.31, 0.32142587132380734
30101771.950000003, 0.203447493762758
20700148.525, 0.1578589249262871
