145.08810129636055, 0.0
38016184.49, 0.05777398326701175
26276619.665, 0.04010135451086212
18162284.045, 0.052673311275201945
145.08810129636055, 0.0
282.2545141757905, 0.0
549.098169048891, 0.0
1068.2160394609734, 1.685377938863806e-05
2078.108380762216, 2.3834978550873845e-05
4042.7537901165656, 4.058241753794467e-05
7864.776620316214, 6.610903354125113e-05
15300.143045735429, 0.0001278064053972827
29764.911137495747, 0.0003655796390838396
57904.68313758393, 0.0018592942177224846
112647.819231692, 0.008894118914183635
219145.16218843873, 0.013240786998866277
426325.18266350887, 0.018559199297873044
829373.3685838254, 0.024815958169472723
1613463.6481443779, 0.03199156707177706
3138833.5368526434, 0.041125742042332936
6106289.400075322, 0.04819559318843743
11879180.5298666, 0.05351325852068609
23109767.784576513, 0.05091763480489286
44957761.66666664, 0.06836570566339041
