1450.8810129636056, 1.1351791800873225e-07
4209.387848753543, 2.270358360174645e-07
12212.542519279925, 1.9865635651528145e-06
35431.80152177814, 1.2714006816978013e-05
102796.98572977429, 0.0006108399168049883
298241.1229819144, 0.012069661928380828
436291.97102938354, 0.01587782948390849
638244.2571350158, 0.02058209089281895
933676.8925742906, 0.026150818401753987
1365860.3739583213, 0.03269908038076049
1998094.3900259642, 0.03971401657951896
2922979.001054953, 0.046805427892707495
4275977.292793045, 0.055086743247990955
6255255.956981812, 0.06280983702167645
9150709.746121708, 0.07489621032078653
13386420.864889715, 0.08595344749376276
19582772.106601022, 0.11546268995237015
28647311.125925165, 0.1474986229465703
41907674.269922204, 0.24315320934452256
61306038.63636369, 0.4167895214334316
51606856.455, 0.3103122401149164
35277492.7, 0.19907008391925604
24115041.619999997, 0.13476695395781357
