1450.8810129636056, 2.8379479502183064e-07
3359.226453474223, 4.9947883923842195e-06
7777.620814453432, 0.0003462864088856377
18007.534285417707, 0.00228575058551844
41692.86453742888, 0.004803712080623156
96531.53651047307, 0.009721367836554072
130282.52819935948, 0.012155740574773135
175834.1135715305, 0.01529094197275907
237312.21617203738, 0.019316211969024395
320285.33485667163, 0.024607404767304972
432268.9214190477, 0.030624675334177155
583406.107271209, 0.03795595964775607
787386.4373224131, 0.045711979507157816
1062685.8271661396, 0.058521395630150456
1434240.0551120522, 0.07330964441420328
1935703.3688623998, 0.08419331670068798
2612496.7845306173, 0.12686550238149238
3525922.183621504, 0.14574355484992815
4758714.850318128, 0.18893173055114537
6422537.380952376, 0.30463256974370606
5590626.115, 0.23074960308459969
4142318.5149999997, 0.20138731382777647
3069209.48, 0.1447323656157859
