145.08810129636055, 7.537410244886374e-06
286.89983275066027, 7.537410244886374e-06
567.3209125827989, 7.537410244886374e-06
1121.8306220955405, 7.537410244886374e-06
2218.328139785597, 2.3834978550873835e-05
4386.56214123698, 3.107712392998726e-05
8674.067228301627, 5.328442074860597e-05
17152.257248059697, 7.936897713546715e-05
33917.18336511219, 0.00022061729866143282
67068.45115401786, 0.0008125440976088512
132622.36701016233, 0.004495722322324313
262249.864559822, 0.009285423189300462
518577.6201413676, 0.013065231394602658
1025444.7549967745, 0.017650368684421283
2027732.9848205543, 0.02307225668388232
4009675.8384045996, 0.030788274239106805
7928805.444030567, 0.04048047644686776
15678563.131503006, 0.05248916155738182
31003073.994405568, 0.07071852279315297
61306038.63636369, 0.04177809480106429
