145.08810129636055, 0.0
38016184.49, 0.3276064111287518
26276619.665, 0.2058289861646632
18162284.045, 0.16344814178790135
145.08810129636055, 0.0
282.2545141757905, 0.0
549.098169048891, 0.0
1068.2160394609734, 1.7027687701309837e-07
2078.108380762216, 2.270358360174645e-07
4042.7537901165656, 8.513843850654919e-07
7864.776620316214, 2.1000814831615464e-06
15300.143045735429, 5.335342146410416e-06
29764.911137495747, 2.5768567387982224e-05
57904.68313758393, 0.0004245002543936543
112647.819231692, 0.007360218008891178
219145.16218843873, 0.015414608330705671
426325.18266350887, 0.024960990321867528
829373.3685838254, 0.03856099616665126
1613463.6481443779, 0.055400782080465207
3138833.5368526434, 0.07500081003142921
6106289.400075322, 0.0935792490566816
11879180.5298666, 0.12553867090043094
23109767.784576513, 0.2118507598094806
44957761.66666664, 0.3186663642549331
