1450.8810129636056, 0.0
4294.711158659956, 1.7027687701309837e-07
12712.650983448377, 1.1919381390916885e-06
37630.3525560953, 4.938029433379852e-06
111388.52434002096, 0.0001405919414538149
329717.96732841694, 0.008644673251159982
485808.1708688399, 0.011693763544615127
715792.2899841537, 0.015189661000637868
1054652.0892895542, 0.01936023513938756
1553929.8830215726, 0.02415065378955308
2289568.3855081135, 0.029392074205582625
3373461.9876960404, 0.0348851606870918
4970476.46816828, 0.04058760661731857
7323525.924027893, 0.04743139033794511
10790521.25151167, 0.05621925372083746
15898810.229825271, 0.06897673419202349
23425389.82429465, 0.09224030392379225
34515091.41173001, 0.1253543887502835
50854715.507213496, 0.18707189838965751
74929602.77777785, 0.32104785665683827
62892159.144999996, 0.2692598472820745
42684903.45999999, 0.16193203296287895
28970240.615, 0.10388977092311182
