1450.8810129636056, 0.0
4472.425206926657, 0.0
13786.511128638416, 3.8846670327576877e-07
42497.72333938731, 2.175413538344305e-06
131001.70682627772, 9.86705426320453e-06
403820.3894911382, 9.292123542356389e-05
603669.7558738111, 0.00021194743330725944
902423.9083518204, 0.0008096423029673572
1349030.4962954049, 0.0014517262033561316
2016661.1977943338, 0.0012581037095803856
3014700.110825901, 0.0015586923145623967
4506665.159300886, 0.0024569366977486113
6736998.743298666, 0.003795039425497918
10071116.992913814, 0.006284989634555486
15055279.26450158, 0.010564459795094691
22506086.851300906, 0.017829866501086616
33644274.30799097, 0.029511472093419186
50294713.6563598, 0.05080172398049564
75185400.00651494, 0.07274526544551381
112394404.16666679, 0.11719962744489289
93789902.09, 0.07426265135051227
62740056.835, 0.060527268964089824
41969493.985, 0.039266768354413284
