1450.8810129636056, 0.0
4472.425206926657, 0.0
13786.511128638416, 1.685377938863806e-05
42497.72333938731, 4.058241753794467e-05
131001.70682627772, 0.00010731465176479222
403820.3894911382, 0.0006131155821731696
603669.7558738111, 0.001332357500569096
902423.9083518204, 0.0031990327274238318
1349030.4962954049, 0.0037078907628621495
2016661.1977943338, 0.004328629090288926
3014700.110825901, 0.005064186022995621
4506665.159300886, 0.005854307497559867
6736998.743298666, 0.006676876975999068
10071116.992913814, 0.007472229926211132
15055279.26450158, 0.007948831945324966
22506086.851300906, 0.008248969881184667
33644274.30799097, 0.007211334291650293
50294713.6563598, 0.014652071782988586
75185400.00651494, 0.0600739150385242
112394404.16666679, 0.19991063862437705
93789902.09, 0.09634890355848409
62740056.835, 0.0325986491001383
41969493.985, 0.009032095171604764
