145.08810129636055, 0.0
286.89983275066027, 0.0
567.3209125827989, 0.0
1121.8306220955405, 0.0
2218.328139785597, 1.1351791800873225e-07
4386.56214123698, 1.7027687701309837e-07
8674.067228301627, 3.973127130305629e-07
17152.257248059697, 9.64902303074224e-07
33917.18336511219, 6.243485490480274e-06
67068.45115401786, 6.425114159294245e-05
132622.36701016233, 0.0019489323753329195
262249.864559822, 0.009777552499878115
518577.6201413676, 0.01556055374948548
1025444.7549967745, 0.023094181834071675
2027732.9848205543, 0.030603723788119343
4009675.8384045996, 0.03509041423534506
7928805.444030567, 0.03283267390774761
15678563.131503006, 0.02138545283249298
31003073.994405568, 0.0050181447040145155
61306038.63636369, 0.00019845770015876617
