1450.8810129636056, 5.438533845860763e-07
3359.226453474223, 1.0255520966480295e-05
7777.620814453432, 0.00025328029053580124
18007.534285417707, 0.0012813845303298707
41692.86453742888, 0.002342166298372811
96531.53651047307, 0.0035306743738818323
130282.52819935948, 0.003345761884236638
175834.1135715305, 0.002964713475710387
237312.21617203738, 0.004539129374196123
320285.33485667163, 0.005688118153191112
432268.9214190477, 0.008672922654755584
583406.107271209, 0.012506242997718773
787386.4373224131, 0.01640886096754753
1062685.8271661396, 0.025063386111973503
1434240.0551120522, 0.04488771603021837
1935703.3688623998, 0.05650419124495498
2612496.7845306173, 0.09866501086619063
3525922.183621504, 0.14369243506157506
4758714.850318128, 0.2347097174790438
6422537.380952376, 0.34434181931077307
5590626.115, 0.26342750698540823
4142318.5149999997, 0.18736417261719962
3069209.48, 0.12042067680844458
