1450.8810129636056, 0.0
4294.711158659956, 3.179423763184793e-05
12712.650983448377, 0.00017279215551496238
37630.3525560953, 0.0007551407272535349
111388.52434002096, 0.0019060390895158234
329717.96732841694, 0.009063510469483322
485808.1708688399, 0.006619298896297424
715792.2899841537, 0.0065615412428431125
1054652.0892895542, 0.005065193126254029
1553929.8830215726, 0.00488684242057538
2289568.3855081135, 0.005642171735710506
3373461.9876960404, 0.006059972819871614
4970476.46816828, 0.008104888965658539
7323525.924027893, 0.01061289516119316
10790521.25151167, 0.014261721361328226
15898810.229825271, 0.019761961044268254
23425389.82429465, 0.025901979802840838
34515091.41173001, 0.037636730690282734
50854715.507213496, 0.07120673698565959
74929602.77777785, 0.24637532799781234
62892159.144999996, 0.14916096758979616
42684903.45999999, 0.05528804327718881
28970240.615, 0.028161792412427347
