1450.8810129636056, 3.741206632382143e-05
3656.259065062717, 0.00026877165363117735
9213.87090423563, 0.0016871720333554868
23219.201793203254, 0.004716642393100278
58513.01125411414, 0.01550010922934301
147454.35766987872, 0.009252128548134786
205124.05740440928, 0.018938486053265924
285348.49421166035, 0.01032700302433967
396948.8717178209, 0.014278435574831602
552196.3842611797, 0.012299204454688486
768161.5152892526, 0.014375552719870907
1068591.0491083325, 0.01931583113402783
1486519.1857528358, 0.026403527010443986
2067899.8682004244, 0.03457964370826878
2876659.7201620913, 0.04642267270958144
4001727.1981377266, 0.06138945321483248
5566810.859163022, 0.0832355395139473
7744001.928996255, 0.11286340484277542
10772696.862439182, 0.15849838192598042
14985920.555555541, 0.18157823627197736
12879308.71, 0.23680767719101786
9258349.395, 0.16029644623977854
6655406.395, 0.09954176720344053
