1450.8810129636056, 4.6616004393092254e-07
3656.259065062717, 3.3408136481716116e-06
9213.87090423563, 3.4573536591543425e-05
23219.201793203254, 0.0007571992980251286
58513.01125411414, 0.0029678552640656805
147454.35766987872, 0.002206599236370964
205124.05740440928, 0.005219652281900031
285348.49421166035, 0.003487442051368403
396948.8717178209, 0.005495927026507591
552196.3842611797, 0.005312218484230027
768161.5152892526, 0.007369876464769715
1068591.0491083325, 0.011694925438903964
1486519.1857528358, 0.019633230786599308
2067899.8682004244, 0.029261099037565973
2876659.7201620913, 0.046378877254381765
4001727.1981377266, 0.0742296647004036
5566810.859163022, 0.08736934699368727
7744001.928996255, 0.17872943185346166
10772696.862439182, 0.2182034564834937
14985920.555555541, 0.42184104315429993
12879308.71, 0.3301381558522198
9258349.395, 0.21230466728759187
6655406.395, 0.10956224774914622
