1450.8810129636056, 1.507353819929962e-05
3474.1781552234347, 6.391855174372183e-05
8319.023921594648, 0.00042896036041308456
19920.15259897146, 0.0030894936335814274
47699.403596647695, 0.006214196318270599
114217.65431623046, 0.011885653017666519
156015.96940858508, 0.014490572782560916
213110.51129721568, 0.01790965945148848
291098.98299206846, 0.021683598969748988
397627.5847831617, 0.026375661131887666
543140.6683574651, 0.03181239891925649
741904.72923217, 0.03931300166559202
1013407.1324867225, 0.04490189808035799
1384266.706640141, 0.05774735133247903
1890843.5254549067, 0.06707206869545403
2582803.7477204013, 0.0850244781236488
3527989.0215313598, 0.10761631529942575
4819067.862601385, 0.16803067345816783
6582621.125696439, 0.24890610551453357
8991552.333333328, 0.22973251652826474
7787086.73, 0.24909410071139979
5700844.495, 0.1598249353544934
4173528.4400000004, 0.1297525625531071
