1450.8810129636056, 4.98827550984286e-05
3474.1781552234347, 0.000384674495899627
8319.023921594648, 0.003030346010356138
19920.15259897146, 0.017250067605542964
47699.403596647695, 0.012594865444786354
114217.65431623046, 0.016396680185653684
156015.96940858508, 0.015020183027350168
213110.51129721568, 0.018416204264188836
291098.98299206846, 0.01787834577714115
397627.5847831617, 0.016934792997717295
543140.6683574651, 0.016670959499831255
741904.72923217, 0.023281631382956743
1013407.1324867225, 0.029068749959343377
1384266.706640141, 0.037232040180414844
1890843.5254549067, 0.050035221267120185
2582803.7477204013, 0.07134366941155271
3527989.0215313598, 0.09992223845397212
4819067.862601385, 0.1660536745901098
6582621.125696439, 0.24984060939794406
8991552.333333328, 0.21493811842319338
7787086.73, 0.24597015828591579
5700844.495, 0.16296588466423864
4173528.4400000004, 0.12499999849395281
