1450.8810129636056, 0.0
4294.711158659956, 3.8846670327576877e-07
12712.650983448377, 2.6415735822752276e-06
37630.3525560953, 1.1654001098273064e-05
111388.52434002096, 0.00012477550509217697
329717.96732841694, 0.002777148461718471
485808.1708688399, 0.0023679502111325058
715792.2899841537, 0.002585147178464355
1054652.0892895542, 0.0026345386701657164
1553929.8830215726, 0.003028454257308506
2289568.3855081135, 0.00434861737091715
3373461.9876960404, 0.006235387666398443
4970476.46816828, 0.010165297808886755
7323525.924027893, 0.016403361463125515
10790521.25151167, 0.026929953216499485
15898810.229825271, 0.043693524403993524
23425389.82429465, 0.07430404636241332
34515091.41173001, 0.11239715926730828
50854715.507213496, 0.17021111456069543
74929602.77777785, 0.2924169512573735
62892159.144999996, 0.2410224567939563
42684903.45999999, 0.14568457000931387
28970240.615, 0.09131480906550761
