1450.8810129636056, 0.0
4472.425206926657, 0.0
13786.511128638416, 1.7027687701309837e-07
42497.72333938731, 8.513843850654919e-07
131001.70682627772, 4.143404007318727e-06
403820.3894911382, 8.037068595018243e-05
603669.7558738111, 0.0004205271272633486
902423.9083518204, 0.0025741323087660126
1349030.4962954049, 0.005924463505547652
2016661.1977943338, 0.00739555007329125
3014700.110825901, 0.00895260421035843
4506665.159300886, 0.010652974714729277
6736998.743298666, 0.012511295909485477
10071116.992913814, 0.014869237410282484
15055279.26450158, 0.01798877296439102
22506086.851300906, 0.023598321614878653
33644274.30799097, 0.032929345400537026
50294713.6563598, 0.05534134724427308
75185400.00651494, 0.07974455658879565
112394404.16666679, 0.09988092537990474
93789902.09, 0.07322522113858018
62740056.835, 0.0676173735540939
41969493.985, 0.0426819647558847
