1450.8810129636056, 0.0
4472.425206926657, 0.0
13786.511128638416, 3.179423763184793e-05
42497.72333938731, 0.0001240723486752285
131001.70682627772, 0.00044965020065149266
403820.3894911382, 0.0011002297905735906
603669.7558738111, 0.0010189574722254781
902423.9083518204, 0.0018171455378502314
1349030.4962954049, 0.0031608012818360675
2016661.1977943338, 0.001991876275462463
3014700.110825901, 0.001814611166306612
4506665.159300886, 0.0022889777207402043
6736998.743298666, 0.0026583679094900523
10071116.992913814, 0.0034512599277939917
15055279.26450158, 0.004521939481739166
22506086.851300906, 0.006220385082546062
33644274.30799097, 0.009003109775782921
50294713.6563598, 0.020187162884976476
75185400.00651494, 0.06165455811171597
112394404.16666679, 0.21181138083026785
93789902.09, 0.09663120036765926
62740056.835, 0.03715358383910692
41969493.985, 0.012859692881978791
