145.08810129636055, 0.0
286.89983275066027, 0.0
567.3209125827989, 0.0
1121.8306220955405, 0.0
2218.328139785597, 1.5074820489772747e-05
4386.56214123698, 2.2612230734659128e-05
8674.067228301627, 3.4539447201281556e-05
17152.257248059697, 5.16663369919462e-05
33917.18336511219, 0.00017601827154685811
67068.45115401786, 0.0007156115709288926
132622.36701016233, 0.004237709764522821
262249.864559822, 0.009298440720383723
518577.6201413676, 0.013082366371532544
1025444.7549967745, 0.017599790197235538
2027732.9848205543, 0.02270821909581686
4009675.8384045996, 0.029084579788299456
7928805.444030567, 0.03540582798284572
15678563.131503006, 0.03906273601311717
31003073.994405568, 0.028701501063491893
61306038.63636369, 0.009959390775576124
