1450.8810129636056, 1.685225012899004e-05
3359.226453474223, 8.513208126579484e-05
7777.620814453432, 0.0009374095136673861
18007.534285417707, 0.002859285522358993
41692.86453742888, 0.005803009673455917
96531.53651047307, 0.011368761518268428
130282.52819935948, 0.013879417738770253
175834.1135715305, 0.01715817691481655
237312.21617203738, 0.02105807794110176
320285.33485667163, 0.026166922526057002
432268.9214190477, 0.031549538273016396
583406.107271209, 0.03768812160648351
787386.4373224131, 0.047112481696472294
1062685.8271661396, 0.059217366065764776
1434240.0551120522, 0.07122430334815999
1935703.3688623998, 0.09387080138320177
2612496.7845306173, 0.1084204633810953
3525922.183621504, 0.16686527717185745
4758714.850318128, 0.24242662078765626
6422537.380952376, 0.24395754205024914
5590626.115, 0.24925774254493993
4142318.5149999997, 0.16531268485034548
3069209.48, 0.13130679370775003
