0.637973000083942, 0.001214859716448157
1.2195577870566618, 0.0038163070631442426
2.3313231057973396, 0.012707437032459154
4.456588676082174, 0.02562695377392341
8.519274989551954, 0.034341798121307714
16.285560912794285, 0.03090788696417847
31.131697775878614, 0.01749067287404283
59.51177313439875, 0.02315659904717846
113.76350776295537, 0.029345612916677047
217.47185501100867, 0.019060373866227213
415.7221296346969, 0.019235153129527418
794.7000270874544, 0.017578627107566077
1519.1592846109852, 0.015869018135671768
2904.045367253761, 0.01700084327983555
5551.412271575989, 0.019518803171423005
10612.154533297802, 0.03011797612423751
20286.337661357327, 0.049445645391561294
38779.63654028293, 0.06796323006613743
74131.67597328784, 0.05018593729611864
141711.11111111118, 0.13139415568402246
107921.39499999999, 0.07138480026010818
56455.659999999996, 0.058397402526232205
29532.989999999998, 0.06603528897202668
