0.637973000083942, 0.0005575803895131626
1.1205067797217065, 0.00098417745476569
1.9680071777913968, 0.0011716398271020118
3.456518355739343, 0.0012185054201860925
6.070871731764288, 0.0012797911957575824
10.662603171870446, 0.001325455106967712
18.727311566462845, 0.0033154402902302064
32.89179882757005, 0.00412056714577723
57.76966043811482, 0.005838972225526848
101.46400580371179, 0.009403124307047659
178.20676797579628, 0.01458062216483232
312.9942672854484, 0.022028515839833472
549.7289046107402, 0.03293041354472823
965.5188613691705, 0.04358106879115282
1695.7934426237323, 0.06443658544498881
2978.414524153044, 0.07940318984736751
5231.151893098885, 0.11544617847138856
9187.757414812382, 0.21628651460584236
16136.959514557951, 0.10724289715886352
28342.222222222244, 0.2995198079231693
22239.59, 0.09723889555822329
12662.36, 0.1673469387755102
7209.455, 0.2028811524609844
