0.637973000083942, 0.00412758438274035
1.1961814853442494, 0.016491764689743248
2.2428067421224864, 0.034204469898040636
4.205199749486546, 0.04750060674581209
7.884631609563775, 0.049087995357637394
14.78346316988221, 0.03165990961695946
27.718578890885595, 0.029716046835385788
51.971558145828574, 0.03679092153532236
97.44521415538354, 0.02831455473227442
182.7070440171266, 0.02919744751857389
342.5705841258293, 0.025230389895969846
642.310238992818, 0.0236171523732657
1204.3136866750724, 0.025007104922850115
2258.054391577466, 0.023729724445117676
4233.7886646454435, 0.025584332226846883
7938.235023806469, 0.038760729098487115
14883.968068459262, 0.06552625769220245
27907.02275739475, 0.10604300506149213
52324.88511125698, 0.14984955699117772
98107.6923076922, 0.08759610378934832
75216.29000000001, 0.08759610378934832
40115.955, 0.09303805641480352
21395.495, 0.09433612710289524
