0.637973000083942, 2.6437001226917193e-05
1.2067450671809792, 8.772277679840704e-05
2.2825944937701443, 0.0009361101798076588
4.317595956833845, 0.0025307420265403458
8.166862268942792, 0.004329659791844665
15.447864966223408, 0.004642097079071869
29.22009997917651, 0.0046853576265340965
55.27069563722406, 0.004755055175223243
104.54617877418885, 0.008003201280512203
197.75223326343504, 0.012477062897230964
374.05428126781806, 0.012462642714743554
707.5348936686568, 0.017088835534213687
1338.3234755714261, 0.024351512757001537
2531.4790002489517, 0.03644571601095528
4788.368466723065, 0.05429444505074756
9057.342593342844, 0.08043217286914765
17132.235211907915, 0.12660064025610243
32406.1368255928, 0.20578231292517005
61297.179904996876, 0.11184473789515806
115945.45454545462, 0.07142857142857142
