0.637973000083942, 0.00020404544065593685
1.1961814853442494, 0.0005869745471407046
2.2428067421224864, 0.0016803096631410447
4.205199749486546, 0.0035878948780588655
7.884631609563775, 0.0049642861393179374
14.78346316988221, 0.005147782141986865
27.718578890885595, 0.005635849299152023
51.971558145828574, 0.006222561467339108
97.44521415538354, 0.00850799236196002
182.7070440171266, 0.01000917153851272
342.5705841258293, 0.009714785762335535
642.310238992818, 0.011505470023879494
1204.3136866750724, 0.013771611161604223
2258.054391577466, 0.017466677389866177
4233.7886646454435, 0.02304258274460427
7938.235023806469, 0.031656688631361264
14883.968068459262, 0.04412334798530134
27907.02275739475, 0.07195668045418864
52324.88511125698, 0.14411763455902923
98107.6923076922, 0.08415928406795205
75216.29000000001, 0.15259483746807428
40115.955, 0.11300323214810157
21395.495, 0.05708086939633509
