0.637973000083942, 0.006211182637101981
1.187206138831097, 0.02488512713884046
2.20927596605623, 0.04397130452312324
4.111249204792135, 0.05464192878969243
7.650637712805212, 0.047037141938199765
14.2370978982182, 0.03487601054754779
26.49386419437816, 0.033824394508784834
49.30252253431508, 0.04461846507148461
91.74723288430062, 0.029367412221747
170.73273960916268, 0.029374328046782375
317.71713934097414, 0.030660886845746537
591.2409117436468, 0.02759110682906776
1100.2422357337953, 0.0265565558429212
2047.4445412149826, 0.02454933528904699
3810.0965525607185, 0.03025743006439506
7090.221711803027, 0.0392092264869001
13194.217844357887, 0.07215914137417072
24553.165133689767, 0.12594043647599396
45691.06901172105, 0.14581104169337092
85026.66666666658, 0.09517973368014424
65358.869999999995, 0.08759610378934832
35122.119999999995, 0.14423483603656942
18873.695, 0.09778463536104517
