0.637973000083942, 1.2016818739507814e-05
1.2195577870566618, 3.965550184037579e-05
2.3313231057973396, 0.0002763868310086797
4.456588676082174, 0.0014011610650266114
8.519274989551954, 0.0034404152051210873
16.285560912794285, 0.004559181029769265
31.131697775878614, 0.004586819712870133
59.51177313439875, 0.0046012398953575425
113.76350776295537, 0.004292407653752191
217.47185501100867, 0.010032841965615076
415.7221296346969, 0.01137632230069205
794.7000270874544, 0.012453481392557024
1519.1592846109852, 0.016884265667989683
2904.045367253761, 0.02455477603885591
5551.412271575989, 0.03601440576230492
10612.154533297802, 0.05058575154199611
20286.337661357327, 0.08146706958645526
38779.63654028293, 0.14071342822843422
74131.67597328784, 0.04990567655633681
141711.11111111118, 0.01800720288115246
107921.39499999999, 0.031512605042016806
56455.659999999996, 0.0790983059890623
29532.989999999998, 0.11320528211284515
