0.637973000083942, 2.523531935296641e-05
1.2067450671809792, 8.652109492445627e-05
2.2825944937701443, 0.0009385135435555602
4.317595956833845, 0.002529540344666395
8.166862268942792, 0.004329659791844666
15.447864966223408, 0.004639693715323968
29.22009997917651, 0.004682954262786195
55.27069563722406, 0.00475145012960139
104.54617877418885, 0.008017621462999615
197.75223326343504, 0.01246985280598726
374.05428126781806, 0.012467449442239356
707.5348936686568, 0.01697078831532613
1338.3234755714261, 0.02294588721564575
2531.4790002489517, 0.032923348980310685
4788.368466723065, 0.046968787515006
9057.342593342844, 0.06623518972806512
17132.235211907915, 0.10394157663065226
32406.1368255928, 0.18247298919567828
61297.179904996876, 0.08063225290116045
115945.45454545462, 0.025210084033613446
88621.315, 0.0666266506602641
46851.66, 0.15756302521008403
24769.190000000002, 0.14218187274909963
