0.637973000083942, 0.027074898521752457
1.071635987014479, 0.020698961816544945
1.800081960386089, 0.01741101079441701
3.0236900434211016, 0.01741636882139365
5.079047332224216, 0.016042028944804654
8.531536444716625, 0.034225241871649825
14.330859577883299, 0.03255599545843831
24.072280247738068, 0.031000052361652947
40.43544444604975, 0.037810010088311495
67.92149105622053, 0.03463491643128468
114.09121404503159, 0.03684199012508978
191.64486703471883, 0.03231298015619879
321.9157177717352, 0.045551820500943835
540.7383508461913, 0.0448919582015174
908.3059569125893, 0.05376665675447442
1525.7281272390535, 0.08685898766406552
2562.8438309057674, 0.1363301088860007
4304.94029987994, 0.09152065502540833
7231.2291377428855, 0.09517973368014424
12146.666666666677, 0.15293956367103878
9688.95, 0.0
5768.084999999999, 0.1632436033897564
3433.89, 0.1290287016665865
