0.637973000083942, 5.976125379110454e-05
1.2458631616944342, 0.00016434344792553746
2.432979165988252, 0.0002091643882688659
4.751234167709266, 0.0007171350454932545
9.27842968488328, 0.003376510839197406
18.119346337928413, 0.008530918978680174
35.38429700541831, 0.00954686029312895
69.10009065541169, 0.006185289767379319
134.94185084007623, 0.0049452437512139
263.5206833367489, 0.006543857290125947
514.6153703536074, 0.007679321112156932
1004.9646807638236, 0.006080707573244887
1962.5414780922006, 0.006409394469095962
3832.5417071423185, 0.006575354932653804
7484.364585896051, 0.007304865401091221
14615.813090885367, 0.011397557666214383
28542.435347184688, 0.013992537313432836
55738.986978169436, 0.010364842454394693
108849.67002855912, 0.008528784648187633
212566.66666666686, 0.007462686567164179
160708.17, 0.01243781094527363
82294.33, 0.006396588486140725
42140.715, 0.015510681884694177
