0.637973000083942, 4.898972708756658e-05
1.2458631616944342, 8.464823173885206e-05
2.432979165988252, 0.00010348427727420568
4.751234167709266, 0.00019572295533470884
9.27842968488328, 0.00056277983742443
18.119346337928413, 0.0016846714159611314
35.38429700541831, 0.003504514771414781
69.10009065541169, 0.004416602518009418
134.94185084007623, 0.003919653444654614
263.5206833367489, 0.0032301865934886887
514.6153703536074, 0.0029563523370750647
1004.9646807638236, 0.0030448441923105335
1962.5414780922006, 0.00271546284165031
3832.5417071423185, 0.0033071057262541773
7484.364585896051, 0.00437044707781772
14615.813090885367, 0.00628052315920661
28542.435347184688, 0.009975662642346518
55738.986978169436, 0.023181190346219457
108849.67002855912, 0.031670842636909766
212566.66666666686, 0.0422817917535566
160708.17, 0.02423364854524171
82294.33, 0.023105562278114528
42140.715, 0.015756181364813868
