0.637973000083942, 0.00025867720096022206
1.187206138831097, 0.0010026190065484915
2.20927596605623, 0.002322630671020185
4.111249204792135, 0.00408597707828077
7.650637712805212, 0.0050202003088285286
14.2370978982182, 0.005324193902169032
26.49386419437816, 0.005821821648940565
49.30252253431508, 0.006744224522797011
91.74723288430062, 0.00950107431143174
170.73273960916268, 0.010385213827017284
317.71713934097414, 0.011429632819462479
591.2409117436468, 0.013513743801306202
1100.2422357337953, 0.015714906171179616
2047.4445412149826, 0.02062028353358315
3810.0965525607185, 0.02762624574048963
7090.221711803027, 0.034762844455025484
13194.217844357887, 0.04788900685882932
24553.165133689767, 0.07878242153480126
45691.06901172105, 0.15754691508562624
85026.66666666658, 0.10880528009709534
65358.869999999995, 0.15872993455069284
35122.119999999995, 0.11691755910111515
18873.695, 0.062194639717589775
