0.637973000083942, 0.0006116560738409477
1.0907826932071965, 0.00059963925510144
1.8649799970277652, 0.0006176644832107018
3.1886739778451934, 0.0007414377162276322
5.451877099588921, 0.0007546562168410908
9.321418280933178, 0.001439614884993036
15.937416999856215, 0.0025055067071873796
27.24920746737239, 0.003407969794524416
46.589689383580925, 0.0048264830228766705
79.65733166579544, 0.00816956979728434
136.19516618521902, 0.012485893233697972
232.86146930006137, 0.018545879890417706
398.1379472076175, 0.028956637600094988
680.7215701384988, 0.038166209880178485
1163.8726207883492, 0.05076869457460403
1989.9464580579327, 0.07269574496465253
3402.3370214303022, 0.08907563025210084
5817.190286965106, 0.12244897959183673
9946.017288003799, 0.13485394157663064
17005.33333333332, 0.148859543817527
13475.675000000001, 0.04141656662665066
7881.605, 0.16806722689075632
4609.764999999999, 0.2049391185045446
