0.637973000083942, 4.898972708756659e-05
1.2067450671809792, 8.464823173885206e-05
2.2825944937701443, 0.0008677324758781956
4.317595956833845, 0.0023745239910652667
8.166862268942792, 0.004173054467635691
15.447864966223408, 0.004713581181732225
29.22009997917651, 0.005035667070054155
55.27069563722406, 0.005502757298505731
104.54617877418885, 0.007245360066338421
197.75223326343504, 0.008577080958525397
374.05428126781806, 0.008564851307283808
707.5348936686568, 0.009218954045481296
1338.3234755714261, 0.011142135686116213
2531.4790002489517, 0.014880123705954729
4788.368466723065, 0.020329278535953167
9057.342593342844, 0.02783534059443448
17132.235211907915, 0.04309617764091058
32406.1368255928, 0.07678643097188567
61297.179904996876, 0.08611115443607582
115945.45454545462, 0.06862715931791813
