0.637973000083942, 0.00781378393318692
1.1205067797217065, 0.012430340788549744
1.9680071777913968, 0.012684326117161937
3.456518355739343, 0.011832728250638698
6.070871731764288, 0.01081678693618992
10.662603171870446, 0.009023949322456785
18.727311566462845, 0.0197809750048556
32.89179882757005, 0.016673389807718167
57.76966043811482, 0.01943734779555675
101.46400580371179, 0.021675064169597868
178.20676797579628, 0.02362138885404908
312.9942672854484, 0.026468642011616795
549.7289046107402, 0.02959341224909933
965.5188613691705, 0.037991858887381276
1695.7934426237323, 0.04235578862444534
2978.414524153044, 0.06041222459132907
5231.151893098885, 0.08333333333333333
9187.757414812382, 0.13184079601990048
16136.959514557951, 0.02487562189054726
28342.222222222244, 0.08208955223880597
22239.59, 0.022388059701492536
12662.36, 0.07761194029850747
7209.455, 0.12126865671641791
