0.637973000083942, 0.0001090157954356924
1.2195577870566618, 0.0002013166851719453
2.3313231057973396, 0.0005787891732951001
4.456588676082174, 0.0016690526346519342
8.519274989551954, 0.00358373126933567
16.285560912794285, 0.004903854510934456
31.131697775878614, 0.005013843627769478
59.51177313439875, 0.005450854942441625
113.76350776295537, 0.005745065471984858
217.47185501100867, 0.00733572996723501
415.7221296346969, 0.006885096464526163
794.7000270874544, 0.006702251857154922
1519.1592846109852, 0.008109333973444334
2904.045367253761, 0.010711636327572358
5551.412271575989, 0.014537626221408568
10612.154533297802, 0.019662449362963547
20286.337661357327, 0.028537220215193802
38779.63654028293, 0.05951235983700063
74131.67597328784, 0.06953274465098172
141711.11111111118, 0.09316298666838264
107921.39499999999, 0.08297654478206512
56455.659999999996, 0.07473440798050335
29532.989999999998, 0.03980356775105378
