0.637973000083942, 0.008247053023172427
1.071635987014479, 0.006558797603573724
1.800081960386089, 0.005005005005005005
3.0236900434211016, 0.006200230080827096
5.079047332224216, 0.005946244752214901
8.531536444716625, 0.013535923983685177
14.330859577883299, 0.013969193073670684
24.072280247738068, 0.014163417148491777
40.43544444604975, 0.022056384742951907
67.92149105622053, 0.023721393034825868
114.09121404503159, 0.02831135800816545
191.64486703471883, 0.029401862866120523
321.9157177717352, 0.04080861515208767
540.7383508461913, 0.04033026357573832
908.3059569125893, 0.04211087420042644
1525.7281272390535, 0.08488805970149253
2562.8438309057674, 0.11608623548922056
4304.94029987994, 0.05970149253731343
7231.2291377428855, 0.029850746268656716
12146.666666666677, 0.05223880597014925
9688.95, 0.0
5768.084999999999, 0.11194029850746269
3433.89, 0.07675906183368869
