0.637973000083942, 0.002910563258634377
1.2067450671809792, 0.008028691470200749
2.2825944937701443, 0.02293666582944574
4.317595956833845, 0.037431434000387315
8.166862268942792, 0.04613135270982138
15.447864966223408, 0.030913967186775613
29.22009997917651, 0.023153099723763348
55.27069563722406, 0.0298694569234713
104.54617877418885, 0.029431295051228715
197.75223326343504, 0.02360616803748098
374.05428126781806, 0.025676335932020636
707.5348936686568, 0.020938507078733456
1338.3234755714261, 0.021512695707569873
2531.4790002489517, 0.018764602599255723
4788.368466723065, 0.02408770780006401
9057.342593342844, 0.03433197681093134
17132.235211907915, 0.05931153740082768
32406.1368255928, 0.09839244000779158
61297.179904996876, 0.058550260178805075
115945.45454545462, 0.11846647661483242
88621.315, 0.05170300918116052
46851.66, 0.09166506340700183
24769.190000000002, 0.08144036039446696
