0.637973000083942, 2.403363747901563e-06
1.2458631616944342, 7.210091243704689e-06
2.432979165988252, 1.0815136865557034e-05
4.751234167709266, 3.725213809247423e-05
9.27842968488328, 0.0002679750578910242
18.119346337928413, 0.0014432199306148887
35.38429700541831, 0.0034332051138773827
69.10009065541169, 0.004157819283869704
134.94185084007623, 0.0036230708499616062
263.5206833367489, 0.0027842969019439613
514.6153703536074, 0.0017664723547076487
1004.9646807638236, 0.004938912501937712
1962.5414780922006, 0.0052801901541397345
3832.5417071423185, 0.007656721225075397
7484.364585896051, 0.011076333856805565
14615.813090885367, 0.016690312488631814
28542.435347184688, 0.028661464585834334
55738.986978169436, 0.038315326130452194
108849.67002855912, 0.01920768307322929
212566.66666666686, 0.003601440576230492
160708.17, 0.003601440576230492
82294.33, 0.016406562625050018
42140.715, 0.04300543746910528
