0.637973000083942, 0.00025398532861219423
1.2195577870566618, 0.0008217172396276874
2.3313231057973396, 0.003914362123317347
4.456588676082174, 0.01263950517681861
8.519274989551954, 0.02167839481272317
16.285560912794285, 0.022036962335469798
31.131697775878614, 0.013401461162655193
59.51177313439875, 0.012101653892698669
113.76350776295537, 0.012534922982684176
217.47185501100867, 0.015433343791552749
415.7221296346969, 0.014835731253641703
794.7000270874544, 0.014869402985074628
1519.1592846109852, 0.014354066985645933
2904.045367253761, 0.015678488292482546
5551.412271575989, 0.017963280940430593
10612.154533297802, 0.024704065877509007
20286.337661357327, 0.036541430777148734
38779.63654028293, 0.03304904051172708
74131.67597328784, 0.014925373134328358
141711.11111111118, 0.03731343283582089
107921.39499999999, 0.022388059701492536
56455.659999999996, 0.01658374792703151
29532.989999999998, 0.04776119402985075
