0.637973000083942, 0.0005491686163955071
1.071635987014479, 0.00047586602208450954
1.800081960386089, 0.00034488269782387423
3.0236900434211016, 0.0005527736620173596
5.079047332224216, 0.0006092527100930462
8.531536444716625, 0.0014456232943627903
14.330859577883299, 0.0019875818195145925
24.072280247738068, 0.0026268765764564084
40.43544444604975, 0.004234074582213838
67.92149105622053, 0.006921168467386954
114.09121404503159, 0.011030421137064693
191.64486703471883, 0.01663522551877894
321.9157177717352, 0.025286063792605652
540.7383508461913, 0.03315368700671758
908.3059569125893, 0.04454638998456524
1525.7281272390535, 0.08560924369747899
2562.8438309057674, 0.10004001600640257
4304.94029987994, 0.0921968787515006
7231.2291377428855, 0.15606242496998798
12146.666666666677, 0.12064825930372149
9688.95, 0.01680672268907563
5768.084999999999, 0.14705882352941177
3433.89, 0.11044417767106841
