0.637973000083942, 0.0008366575530754636
1.1961814853442494, 0.0046016165419150495
2.2428067421224864, 0.013640506177819612
4.205199749486546, 0.023710277441620724
7.884631609563775, 0.027579818624594746
14.78346316988221, 0.020856677573095485
27.718578890885595, 0.015239119716731659
51.971558145828574, 0.014716208746059492
97.44521415538354, 0.01892937713833236
182.7070440171266, 0.020498110050348857
342.5705841258293, 0.019804204782538914
642.310238992818, 0.02004092441020703
1204.3136866750724, 0.021822704658525555
2258.054391577466, 0.022068230277185498
4233.7886646454435, 0.02328358208955224
7938.235023806469, 0.03444316877152698
14883.968068459262, 0.04975124378109452
27907.02275739475, 0.06648575305291722
52324.88511125698, 0.05671641791044776
98107.6923076922, 0.02487562189054726
75216.29000000001, 0.02487562189054726
40115.955, 0.044776119402985065
21395.495, 0.06823027718550106
