0.637973000083942, 2.403363747901563e-06
1.2067450671809792, 7.210091243704689e-06
2.2825944937701443, 0.00048187443145426346
4.317595956833845, 0.001935909498934709
8.166862268942792, 0.003677146534289391
15.447864966223408, 0.003978768684651038
29.22009997917651, 0.00401241577712166
55.27069563722406, 0.004072499870819198
104.54617877418885, 0.007104343238797019
197.75223326343504, 0.011508507306826636
374.05428126781806, 0.011492885442465276
707.5348936686568, 0.015426170468187275
1338.3234755714261, 0.02120595073472427
2531.4790002489517, 0.030493634579580334
4788.368466723065, 0.04302630142966277
9057.342593342844, 0.05890182159820449
17132.235211907915, 0.0902360944377751
32406.1368255928, 0.15596238495398157
61297.179904996876, 0.06342537014805921
115945.45454545462, 0.009603841536614645
