0.637973000083942, 0.0009436485715812587
1.071635987014479, 0.000824940383962636
1.800081960386089, 0.0007358258335185282
3.0236900434211016, 0.0009809596394652134
5.079047332224216, 0.001070349856811756
8.531536444716625, 0.0015251108943346433
14.330859577883299, 0.0018715214334062721
24.072280247738068, 0.0022555418323239864
40.43544444604975, 0.003576432721733053
67.92149105622053, 0.0054290433055049995
114.09121404503159, 0.00830463148660343
191.64486703471883, 0.012513718353318286
321.9157177717352, 0.01980911077278309
540.7383508461913, 0.026099309675544333
908.3059569125893, 0.03462709001598798
1525.7281272390535, 0.0614069197607732
2562.8438309057674, 0.0856286437972043
4304.94029987994, 0.10757213561143847
7231.2291377428855, 0.1710729905388885
12146.666666666677, 0.2139348666740481
9688.95, 0.09011601088036647
5768.084999999999, 0.1422689323809833
3433.89, 0.09826353867794058
