0.637973000083942, 4.0857183714326573e-05
1.1961814853442494, 0.00028720196787423676
2.2428067421224864, 0.0014095728381442664
4.205199749486546, 0.003448826978238743
7.884631609563775, 0.004618063441592853
14.78346316988221, 0.004694971081525704
27.718578890885595, 0.004804324132055225
51.971558145828574, 0.0048824334538620255
97.44521415538354, 0.011272977659532281
182.7070440171266, 0.013759257456736448
342.5705841258293, 0.016246498599439777
642.310238992818, 0.020887387212949696
1204.3136866750724, 0.027929353559605657
2258.054391577466, 0.0400360144057623
4233.7886646454435, 0.05647058823529413
7938.235023806469, 0.08092467756333302
14883.968068459262, 0.12193448808094665
27907.02275739475, 0.19938884644766994
52324.88511125698, 0.21464585834333735
98107.6923076922, 0.022809123649459785
75216.29000000001, 0.09963985594237695
40115.955, 0.19053335619962264
21395.495, 0.1654090207511576
