2302.8296366588734, 7.5248725981185495e-06
7514.778811462544, 1.4085017940068054e-05
24522.830384943376, 3.2221890356046095e-05
80024.87167971113, 9.666567106813828e-05
261143.595043017, 0.0003550196302702085
852184.7745652928, 0.0013982756850914138
1300114.9966979388, 0.002108314945631831
1983488.8572154108, 0.0027552610436187923
3026061.584313641, 0.0034008565234471167
4616637.335141997, 0.004281247322881865
7043260.58488369, 0.005588727483002733
10745379.388794966, 0.0072217564192766
16393426.995580435, 0.009199789280518565
25010233.60233012, 0.011586868939155365
38156255.24862833, 0.01421442645421057
58212163.778543666, 0.017395913646877408
88809973.3503543, 0.02164669049788556
135490778.1214919, 0.025379079928039068
206708213.7672348, 0.029790970615951345
315359364.16666716, 0.04481495759444873
261033788.97000003, 0.027987663839629914
171099495.945, 0.026303303481406796
112150375.735, 0.022857234644050376
