2302.8296366588734, 0.004289182953716622
5644.33000162333, 0.00689812074582048
13834.484609746476, 0.00939107349128168
33908.88987041268, 0.00821229212887621
83112.08148901536, 0.011352089218731482
203711.12459992373, 0.014723071314174113
280587.63433415536, 0.013056188781347403
386475.80339982576, 0.01585310384556345
532324.0525833798, 0.018106079684183162
733212.5180050035, 0.021238068664806875
1009912.2779634875, 0.020189602967194322
1391033.0008501608, 0.025443379205041063
1915981.0724908928, 0.025860263964178006
2639034.0616647783, 0.04110727524239738
3634952.8075309386, 0.0535271754374436
5006711.396760815, 0.04309963750466777
6896144.279650684, 0.07030652690237231
9498611.395201772, 0.09788622810019752
13083197.621501466, 0.12886232478095697
18020535.09523809, 0.12539674809445794
15551866.36, 0.13282909109624283
11290904.51, 0.10329250579678077
8197377.84, 0.0690596018925139
