230.28296366588734, 0.00037294209605255693
461.6295432650231, 0.000545189522667929
925.3912309564461, 0.0005467526337823173
1855.0565985753078, 0.0005413712418594509
3718.681211579095, 0.0006543623159843917
7454.538025401374, 0.0008972775061370067
14943.506584840561, 0.0013368673343619403
29956.03326326176, 0.002459727541110795
60050.425499191326, 0.004161386422487706
120378.20798711778, 0.006548573898986395
241312.41099007486, 0.009478238888058153
483739.38000534475, 0.01220136362582908
969713.0239089977, 0.017669516423264666
1943904.8950869755, 0.024223285713495163
3896788.171319562, 0.03217371010893405
7811574.573691632, 0.041892580061530627
15659228.738543935, 0.0508915262464384
31390783.301471837, 0.06311252922633341
94535148.99000001, 0.12796330438304235
47158667.805, 0.07875303328539011
23525006.02, 0.057446451822116516
