2302.8296366588734, 0.0030277531532068923
6143.418141190558, 0.00580550611360662
16389.222136409397, 0.00868512229848322
43722.66319227257, 0.008089904991838285
116641.97731373982, 0.011840934357283004
311173.88279457705, 0.014849208831417602
441772.77496530535, 0.01617493784961354
627183.6921139832, 0.020456234796987993
890411.1025959429, 0.018959534931852817
1264114.3919954395, 0.018297010998627825
1794660.0074854952, 0.01933133684268346
2547874.2769344645, 0.02358341412805081
3617210.671652407, 0.027494581575006533
5135344.848670737, 0.03827584121858234
7290636.102962155, 0.038882065542490976
10350497.649553923, 0.041913303106735314
14694575.353979532, 0.07275839884363718
20861851.492047694, 0.08045890138829208
29617517.838539567, 0.08269478739792874
42047915.2222222, 0.0988444899635742
35832716.53, 0.1290242205404539
25239684.665, 0.11407765746397301
17778213.419999998, 0.10339608334142972
