2302.8296366588734, 0.0031321779655592427
5837.477247844166, 0.006476761187292578
14797.508281393617, 0.008021427476133077
37510.4248018746, 0.009017146409037505
95085.7361969711, 0.0112883073660806
241034.25316761917, 0.014147572010212104
336009.38191587885, 0.015510221255244719
468407.7190347582, 0.01667820206940224
652975.1937291846, 0.017803777445103527
910268.0982804805, 0.021526709994168267
1268942.5550992854, 0.018000433951966256
1768946.1062994965, 0.02531971321327896
2465966.890634626, 0.029432787731115056
3437635.937042312, 0.03797016774838426
4792173.3582576765, 0.05526303785047909
6680441.418515456, 0.038804927819076636
9312746.891619677, 0.05812248376475646
12982264.080184791, 0.1327865313896889
18097687.246210933, 0.12352912025705572
25228749.133333333, 0.12404218109689313
21663218.189999998, 0.12853769981651467
15539975.665, 0.10579329279020185
11147505.485, 0.07723112256031556
