2302.8296366588734, 0.00021108858458391636
7514.778811462544, 0.000277939178218733
24522.830384943376, 0.00037999356299689907
80024.87167971113, 0.0006492672346064221
261143.595043017, 0.0013894246170860962
852184.7745652928, 0.0027382464073563277
1300114.9966979388, 0.003246306632151844
1983488.8572154108, 0.003727782656075157
3026061.584313641, 0.003884535746478126
4616637.335141997, 0.0042287126328878315
7043260.58488369, 0.0050521490537938545
10745379.388794966, 0.005962638353998473
16393426.995580435, 0.006810924778730413
25010233.60233012, 0.008083402097466679
38156255.24862833, 0.009484631175518319
58212163.778543666, 0.012292792039329335
88809973.3503543, 0.017400712994340144
135490778.1214919, 0.028311589418037242
206708213.7672348, 0.049219974766108315
315359364.16666716, 0.14282541221026504
261033788.97000003, 0.06938460521416732
171099495.945, 0.03652051968057539
112150375.735, 0.022260300887253268
