2302.8296366588734, 5.8655417175077937e-05
5837.477247844166, 0.0002002773783806937
14797.508281393617, 0.0005470003542478485
37510.4248018746, 0.0012145916155168275
95085.7361969711, 0.002428070737454798
241034.25316761917, 0.0054237457319088
336009.38191587885, 0.006929452582883578
468407.7190347582, 0.009620864201669403
652975.1937291846, 0.01215986234650319
910268.0982804805, 0.01557701606053082
1268942.5550992854, 0.018885156221316594
1768946.1062994965, 0.023695708044204577
2465966.890634626, 0.031510445350075265
3437635.937042312, 0.0389745566692367
4792173.3582576765, 0.05148244199901872
6680441.418515456, 0.05691017733230532
9312746.891619677, 0.06989205859676176
12982264.080184791, 0.10370084811102544
18097687.246210933, 0.1280840400925212
25228749.133333333, 0.1599845797995374
21663218.189999998, 0.12634926754047804
15539975.665, 0.11886404523258802
11147505.485, 0.08823245952197378
