2302.8296366588734, 7.968647135956311e-05
5644.33000162333, 0.00023269221418797365
13834.484609746476, 0.000506095918586281
33908.88987041268, 0.000985951255804764
83112.08148901536, 0.002335058927194625
203711.12459992373, 0.004533330554918836
280587.63433415536, 0.005526530800124282
386475.80339982576, 0.007596833294915308
532324.0525833798, 0.010875585044577411
733212.5180050035, 0.013118508775908205
1009912.2779634875, 0.016894496655483548
1391033.0008501608, 0.021409806105257147
1915981.0724908928, 0.02680274317250335
2639034.0616647783, 0.03499834783566472
3634952.8075309386, 0.04475713184271395
5006711.396760815, 0.05755039101222601
6896144.279650684, 0.06117964533538937
9498611.395201772, 0.07947828321768183
13083197.621501466, 0.10052043176561296
18020535.09523809, 0.13521588280647648
15551866.36, 0.10485736314572089
11290904.51, 0.10762014906193779
8197377.84, 0.07739013107170394
