230.28296366588734, 1.326862925303471e-05
469.22699940598, 2.4976243299830043e-05
956.1018907633371, 3.375695383492655e-05
1948.163312593852, 3.609847664428561e-05
3969.5981455559186, 5.9708831638656206e-05
8088.4951150325505, 9.619756208450165e-05
16481.20309083408, 0.00017912649491596858
33582.27352038469, 0.0003602042588397364
68427.5952782314, 0.0005246962361972108
139428.7909875793, 0.0007387504463527855
284101.5774003469, 0.0010726125735872325
578888.3752750584, 0.0014460854616800036
230.28296366588734, 1.326862925303471e-05
469.22699940598, 2.4976243299830043e-05
956.1018907633371, 3.375695383492655e-05
1948.163312593852, 3.609847664428561e-05
3969.5981455559186, 5.9708831638656206e-05
8088.4951150325505, 9.619756208450165e-05
16481.20309083408, 0.00017912649491596858
33582.27352038469, 0.0003602042588397364
68427.5952782314, 0.0005246962361972108
139428.7909875793, 0.0007387504463527855
284101.5774003469, 0.0010726125735872325
578888.3752750584, 0.0014460854616800036
2302.8296366588734, 4.0781522263003746e-05
7072.811092748982, 8.117279072444764e-05
21723.125305219157, 0.000210737052842316
66719.46512328568, 0.0005012810081036202
204919.2721485531, 0.0009771955191058505
629380.1669467705, 0.0015221849529841731
939635.8339223737, 0.0019725931744784845
1402833.369653462, 0.002400532581453634
2094366.127777818, 0.0030019493177387913
3126792.9406801984, 0.0036299981573613416
4668159.002485874, 0.0044310610689243845
6969348.110319507, 0.005309153032393718
10404918.31082636, 0.006554993887732513
15534067.654715901, 0.008372069775578547
23191653.28287192, 0.011306042884990253
34624078.76340491, 0.011168443985781448
51692167.6774056, 0.010437710437710438
77174044.61351913, 0.011528822055137843
115217322.6547183, 0.0025828460038986355
172014198.6363639, 0.0
143615760.64499998, 0.0
96195683.63, 0.011306042884990252
64433106.144999996, 0.013017110677929393
