2302.8296366588734, 1.9487490574614705e-05
7216.175323953013, 4.669279919858177e-05
22612.69590988081, 0.00014393730662042148
70859.42252753244, 0.0005172867547578419
222045.959532909, 0.0019875310931594665
695805.9547512265, 0.004836756571529123
1046278.1716647773, 0.005980670043610789
1573280.6036326317, 0.008001320628186532
2365730.1899247733, 0.01054424009019655
3557330.6621838673, 0.013867228569425946
5349131.314300854, 0.017808128648529573
8043448.454709621, 0.022842833594767763
12094872.838624017, 0.029222294363510933
18186969.159581207, 0.03657671549730147
27347608.496989194, 0.04484124202705544
41122392.848540865, 0.05496200022028857
61835432.292951666, 0.06768578376134274
92981473.6447634, 0.08201619121048574
139815541.3581103, 0.08696993060909791
210239576.1111114, 0.12634926754047804
175027558.735, 0.10877666409663327
116398507.5, 0.0846183500385505
77408452.965, 0.07658057054741711
