230.28296366588734, 0.0002899856519223593
465.11948909329476, 0.0004280552997169901
939.4361427807794, 0.0005448495309835439
1897.4484773434358, 0.000507815273392766
3832.4166595462398, 0.000610785793324608
7740.614634728333, 0.0007633550950986317
15634.290382837584, 0.0011480591430515984
31577.729587292248, 0.002132350514335983
63779.8698547116, 0.003617468741964717
128820.90802123322, 0.005700972105396841
260189.09071494688, 0.00821617329980208
525523.0999917522, 0.010522053659783526
1061437.7715301937, 0.015268467747742341
2143864.166672532, 0.020970035717367615
4330120.604730871, 0.02811674340527033
8745864.007147666, 0.03692007780189353
17664666.694953356, 0.04590517923215961
35678630.400469914, 0.05635199813917293
72062761.73990937, 0.09236411779604553
145550475.76923102, 0.24570076173608374
108806618.755, 0.1300152443992681
53870696.06999999, 0.07916146180768063
26671648.545, 0.053888625305585684
