2302.8296366588734, 0.000452493696043925
5644.33000162333, 0.0007667118141975204
13834.484609746476, 0.001253455671139469
33908.88987041268, 0.0023201147128393924
83112.08148901536, 0.005054138765108676
203711.12459992373, 0.008885272495566749
280587.63433415536, 0.010714731480432534
386475.80339982576, 0.013531471420198568
532324.0525833798, 0.01828789856280049
733212.5180050035, 0.021031559574595526
1009912.2779634875, 0.026420640343264412
1391033.0008501608, 0.03282619219492445
1915981.0724908928, 0.039879462184762154
2639034.0616647783, 0.050121392899550345
3634952.8075309386, 0.06495267535579614
5006711.396760815, 0.08182510553981934
6896144.279650684, 0.10230721246777967
9498611.395201772, 0.14413756634467378
13083197.621501466, 0.200389267877452
18020535.09523809, 0.2220914371156697
15551866.36, 0.20355248700761888
11290904.51, 0.15912039435819017
8197377.84, 0.12186932469020013
