230.28296366588734, 7.138981695650932e-06
469.22699940598, 1.4085017940068056e-05
956.1018907633371, 1.9294545123380895e-05
1948.163312593852, 2.469701775792755e-05
3969.5981455559186, 4.0904435661567504e-05
8088.4951150325505, 7.50557805299517e-05
16481.20309083408, 0.0001570575973043205
33582.27352038469, 0.0004028701021761932
68427.5952782314, 0.0009276817295321535
139428.7909875793, 0.002012806947271095
284101.5774003469, 0.0038104797164164946
578888.3752750584, 0.005654459393858007
230.28296366588734, 7.138981695650932e-06
469.22699940598, 1.4085017940068056e-05
956.1018907633371, 1.9294545123380895e-05
1948.163312593852, 2.469701775792755e-05
3969.5981455559186, 4.0904435661567504e-05
8088.4951150325505, 7.50557805299517e-05
16481.20309083408, 0.0001570575973043205
33582.27352038469, 0.0004028701021761932
68427.5952782314, 0.0009276817295321535
139428.7909875793, 0.002012806947271095
284101.5774003469, 0.0038104797164164946
578888.3752750584, 0.005654459393858007
2302.8296366588734, 2.778414497766849e-05
7072.811092748982, 6.0970762589883636e-05
21723.125305219157, 0.00018619236044062565
66719.46512328568, 0.0008728852213817518
204919.2721485531, 0.003102369910388414
629380.1669467705, 0.0060579083323879
939635.8339223737, 0.008113154351603586
1402833.369653462, 0.010801454593016853
2094366.127777818, 0.014194294525828837
3126792.9406801984, 0.01852533784431735
4668159.002485874, 0.02385240336482583
6969348.110319507, 0.03087721881957499
10404918.31082636, 0.03899481201730199
15534067.654715901, 0.049314987248680386
23191653.28287192, 0.05970879544511002
34624078.76340491, 0.0727470633588825
51692167.6774056, 0.08719422443400857
77174044.61351913, 0.10700517678158387
115217322.6547183, 0.12591557440246723
172014198.6363639, 0.16403238242097148
143615760.64499998, 0.13936006168080184
96195683.63, 0.1261757902852737
64433106.144999996, 0.09335646363402725
