230.28296366588734, 5.981308988248078e-06
469.22699940598, 1.1383781622794731e-05
956.1018907633371, 1.4277963391301864e-05
1948.163312593852, 1.736509061104281e-05
3969.5981455559186, 2.9134763136305158e-05
8088.4951150325505, 4.958698096708891e-05
16481.20309083408, 0.00011325897987424586
33582.27352038469, 0.0003002231221198068
68427.5952782314, 0.0007233524966755499
139428.7909875793, 0.0016230571357788012
284101.5774003469, 0.003143274346049982
578888.3752750584, 0.004709605519166043
1179549.0686641512, 0.00768086249166183
2403461.642713727, 0.011839878056345768
4897318.8326436, 0.01690198535080956
9978828.58720631, 0.02232509264555923
20332966.542652898, 0.025244153173991257
41430667.41868796, 0.023405661416455552
84419565.5935006, 0.014103058339758416
172014198.6363639, 0.0022166538164996143
