2302.8296366588734, 0.00042393496072149996
7514.778811462544, 0.0007164346899688155
24522.830384943376, 0.0011344147726327725
80024.87167971113, 0.001690644329240701
261143.595043017, 0.0022223119490413228
852184.7745652928, 0.0033986419666815278
1300114.9966979388, 0.00371250037736127
1983488.8572154108, 0.004322899354121416
3026061.584313641, 0.004540820076647541
4616637.335141997, 0.004563973901122306
7043260.58488369, 0.005389243953319897
10745379.388794966, 0.005620721886857529
16393426.995580435, 0.006709386680054665
25010233.60233012, 0.007751966870431926
38156255.24862833, 0.008541027611292976
58212163.778543666, 0.009218064576368496
88809973.3503543, 0.011326960445674534
135490778.1214919, 0.012805722804991551
206708213.7672348, 0.016448432400378844
315359364.16666716, 0.0
261033788.97000003, 0.0
171099495.945, 0.01341178920585868
112150375.735, 0.00949945580737766
