230.28296366588734, 1.9707816978772146e-05
465.11948909329476, 2.7512893009969035e-05
939.4361427807794, 3.980588775910413e-05
1897.4484773434358, 4.5464567881721875e-05
3832.4166595462398, 7.297746089169092e-05
7740.614634728333, 0.00011883228257497263
15634.290382837584, 0.00019707816978772145
31577.729587292248, 0.00042849867411270915
63779.8698547116, 0.0006657729854610946
128820.90802123322, 0.0009313406974225689
260189.09071494688, 0.001211347800041757
525523.0999917522, 0.001614312632402908
1061437.7715301937, 0.0024657774273386334
2143864.166672532, 0.003507885876306929
4330120.604730871, 0.004884123889971843
8745864.007147666, 0.006738019051822429
17664666.694953356, 0.010691258059679114
35678630.400469914, 0.016884090568301095
72062761.73990937, 0.011468486029889539
145550475.76923102, 0.0
108806618.755, 0.0031189083820662767
53870696.06999999, 0.009088693957115009
26671648.545, 0.013668157321408097
