230.28296366588734, 7.33192714688474e-06
469.22699940598, 1.4277963391301864e-05
956.1018907633371, 1.9487490574614705e-05
1948.163312593852, 2.4889963209161355e-05
3969.5981455559186, 4.1097381112801314e-05
8088.4951150325505, 7.52487259811855e-05
16481.20309083408, 0.0001570575973043205
33582.27352038469, 0.00040171242946879026
68427.5952782314, 0.0009145614388482545
139428.7909875793, 0.0020006513838433655
284101.5774003469, 0.0038025689529159077
578888.3752750584, 0.005652722884796902
1179549.0686641512, 0.009533668881515685
2403461.642713727, 0.015555348771258163
4897318.8326436, 0.024464509444872783
9978828.58720631, 0.037048896958241095
20332966.542652898, 0.0545810845540992
41430667.41868796, 0.07995098579138671
84419565.5935006, 0.13087895142636854
172014198.6363639, 0.24171164225134928
