2302.8296366588734, 8.331918663302679e-05
5837.477247844166, 0.00023415228093590668
14797.508281393617, 0.00041757156766903357
37510.4248018746, 0.0006312355240230484
95085.7361969711, 0.0009684814540263021
241034.25316761917, 0.0016203703703703703
336009.38191587885, 0.0019054580896686157
468407.7190347582, 0.002456140350877193
652975.1937291846, 0.002945371558978748
910268.0982804805, 0.00371031156044537
1268942.5550992854, 0.0027986633249791146
1768946.1062994965, 0.004632878492527615
2465966.890634626, 0.006850459482038429
3437635.937042312, 0.00783625730994152
4792173.3582576765, 0.014708488392698919
6680441.418515456, 0.00996588693957115
9312746.891619677, 0.013606237816764132
12982264.080184791, 0.047953216374269005
18097687.246210933, 0.032651072124756333
25228749.133333333, 0.032943469785575046
21663218.189999998, 0.03557504873294347
15539975.665, 0.03788174139051332
11147505.485, 0.023781676413255362
