2302.8296366588734, 0.00041356596128666584
6143.418141190558, 0.0007636521614904825
16389.222136409397, 0.0016441240795539813
43722.66319227257, 0.0031104682215067248
116641.97731373982, 0.0057524056458894595
311173.88279457705, 0.010906867358839174
441772.77496530535, 0.013126323900481636
627183.6921139832, 0.016684260029138455
890411.1025959429, 0.02047767324126093
1264114.3919954395, 0.02433424001373867
1794660.0074854952, 0.0284555190843255
2547874.2769344645, 0.03625982561559434
3617210.671652407, 0.041832822678960845
5135344.848670737, 0.050434295564152035
7290636.102962155, 0.06815646980649893
10350497.649553923, 0.07753843992438507
14694575.353979532, 0.10653785819463246
20861851.492047694, 0.13925153782194408
29617517.838539567, 0.17515640319645814
42047915.2222222, 0.2441473575305765
35832716.53, 0.2338214221690443
25239684.665, 0.17159880162191624
17778213.419999998, 0.1201385532025914
