230.28296366588734, 0.0009159209541185864
465.11948909329476, 0.0012908594865624176
939.4361427807794, 0.0018129700598126142
1897.4484773434358, 0.001813860259717278
3832.4166595462398, 0.0026368966242353935
7740.614634728333, 0.0035787449718021305
15634.290382837584, 0.005106708912950321
31577.729587292248, 0.007475248217308054
63779.8698547116, 0.007919450924138625
128820.90802123322, 0.008867869041958961
260189.09071494688, 0.00999649295955319
525523.0999917522, 0.011053171785452549
1061437.7715301937, 0.013743550649849761
2143864.166672532, 0.015818099012629788
4330120.604730871, 0.017882471215460084
8745864.007147666, 0.02115290691493047
17664666.694953356, 0.029828990142917636
35678630.400469914, 0.04215782945638629
72062761.73990937, 0.042188720844523735
145550475.76923102, 0.0
108806618.755, 0.027748864950135278
53870696.06999999, 0.032457393407254335
26671648.545, 0.03450390523319171
