2302.8296366588734, 0.001175347401106826
7216.175323953013, 0.0020556676044152984
22612.69590988081, 0.0037991952404095976
70859.42252753244, 0.004840458466218276
222045.959532909, 0.006024943995310734
695805.9547512265, 0.00851081127829436
1046278.1716647773, 0.008745964566765638
1573280.6036326317, 0.009537570104243677
2365730.1899247733, 0.010388842186432273
3557330.6621838673, 0.012165940087460907
5349131.314300854, 0.012199533407762995
8043448.454709621, 0.014183826008607646
12094872.838624017, 0.015875011908107802
18186969.159581207, 0.01795062513973843
27347608.496989194, 0.02354460114055423
41122392.848540865, 0.020744646785342487
61835432.292951666, 0.023922922387150148
92981473.6447634, 0.032012165723933256
139815541.3581103, 0.016463370311205528
210239576.1111114, 0.0
175027558.735, 0.0
116398507.5, 0.019061053980502854
77408452.965, 0.027241957755567578
