230.28296366588734, 2.4000608795930434e-05
461.6295432650231, 3.590334974350569e-05
925.3912309564461, 4.0391268461443905e-05
1855.0565985753078, 5.209888250823923e-05
3718.681211579095, 8.370944043458662e-05
7454.538025401374, 0.00014166212996622355
14943.506584840561, 0.00023903045345540473
29956.03326326176, 0.00048352446013264725
60050.425499191326, 0.0007104570457396967
120378.20798711778, 0.0010921252636652244
241312.41099007486, 0.0012882277989490463
483739.38000534475, 0.0016955574500331534
969713.0239089977, 0.002649072824511421
1943904.8950869755, 0.004258354936596934
3896788.171319562, 0.006107192379574364
7811574.573691632, 0.007988141650422352
15659228.738543935, 0.01185022742040286
31390783.301471837, 0.016487979207277455
94535148.99000001, 0.011111111111111112
47158667.805, 0.014059454191033138
23525006.02, 0.014400584795321638
