2302.8296366588734, 3.239106552946709e-05
7216.175323953013, 6.575776556283378e-05
22612.69590988081, 0.00016897989607541267
70859.42252753244, 0.00035083816760230017
222045.959532909, 0.0007241159287942914
695805.9547512265, 0.001321789625883193
1046278.1716647773, 0.0015760947083155042
1573280.6036326317, 0.0019538737401842577
2365730.1899247733, 0.0023945262374249414
3557330.6621838673, 0.0030775592179100955
5349131.314300854, 0.0035733778891673634
8043448.454709621, 0.004438058748403576
12094872.838624017, 0.005491433261516364
18186969.159581207, 0.0069161793372319695
27347608.496989194, 0.00935672514619883
41122392.848540865, 0.008576998050682261
61835432.292951666, 0.008307092517618832
92981473.6447634, 0.008820662768031189
139815541.3581103, 0.0013645224171539962
210239576.1111114, 0.0
175027558.735, 0.0
116398507.5, 0.002209226770630279
77408452.965, 0.007933723196881091
