230.28296366588734, 0.00022093686465985752
469.22699940598, 0.0003915951878910361
956.1018907633371, 0.0005095019749040147
1948.163312593852, 0.00046068295312449726
3969.5981455559186, 0.0005381262125164008
8088.4951150325505, 0.0006491502537233514
16481.20309083408, 0.0010362939785822439
33582.27352038469, 0.0017647903546088115
68427.5952782314, 0.00288578964600016
139428.7909875793, 0.004650334520839321
284101.5774003469, 0.006891767995759683
578888.3752750584, 0.00883242833676995
230.28296366588734, 0.00022093686465985752
469.22699940598, 0.0003915951878910361
956.1018907633371, 0.0005095019749040147
1948.163312593852, 0.00046068295312449726
3969.5981455559186, 0.0005381262125164008
8088.4951150325505, 0.0006491502537233514
16481.20309083408, 0.0010362939785822439
33582.27352038469, 0.0017647903546088115
68427.5952782314, 0.00288578964600016
139428.7909875793, 0.004650334520839321
284101.5774003469, 0.006891767995759683
578888.3752750584, 0.00883242833676995
2302.8296366588734, 0.0004617635745838392
7072.811092748982, 0.0006081221907052179
21723.125305219157, 0.0011577072280451516
66719.46512328568, 0.002808072708082362
204919.2721485531, 0.005911260122331696
629380.1669467705, 0.009037445581929695
939635.8339223737, 0.011126094229049113
1402833.369653462, 0.013607150604136744
2094366.127777818, 0.016115527140849278
3126792.9406801984, 0.0190974163354136
4668159.002485874, 0.022309826108716808
6969348.110319507, 0.026858171302771048
10404918.31082636, 0.030716307365232655
15534067.654715901, 0.03518247524249814
23191653.28287192, 0.039761909997852445
34624078.76340491, 0.04625120736207035
51692167.6774056, 0.06009873934520917
77174044.61351913, 0.08039946520903016
115217322.6547183, 0.128419422205269
172014198.6363639, 0.2347542730767342
143615760.64499998, 0.1650645223928911
96195683.63, 0.1047128905743711
64433106.144999996, 0.06696676678030022
