28.56921087971323, 0.0
57.9412432403797, 0.0
117.51068947531763, 0.0
238.32353896302135, 0.0
483.3441917280961, 0.0
980.2708062065824, 0.0
1988.0881366657072, 0.0014482567674057036
4032.0434048690568, 0.003294074216060032
8177.390991333952, 0.0046145436216358205
16584.57429907586, 0.009356874605101555
33635.19060945621, 0.0179612236349825
68215.5614568587, 0.01642777529302352
138348.04383615497, 0.02053116946733968
280583.79678360355, 0.012449985403465388
569052.260043076, 0.006227726615151195
1154095.4195222997, 0.005483658697082693
2340621.9971106485, 0.006001091107474086
4747017.656153503, 0.0019503546099290782
9627430.937438907, 0.0009456264775413711
19525401.666666687, 0.0
14576416.305, 0.0
7187224.3, 0.001541782300339192
3543819.83, 0.0037327360955580445
