28.56921087971323, 0.0
55.2132864839902, 0.0
106.70602759027882, 0.0
206.22167324524176, 0.0008644907606498329
398.5471062549573, 0.0019655001270677884
770.2381297008762, 0.002804717821626645
1488.5737899840137, 0.004557588644557625
2876.840087218097, 0.007639091712102679
5559.82440582533, 0.011168113177168112
10745.000238613378, 0.017369430313183092
20765.949012136614, 0.028771795631440895
40132.58527673205, 0.05081734015622777
77560.83769891008, 0.04760019502000037
149895.2410634863, 0.06394760258205441
289689.7965530407, 0.07077527314604125
559858.8563021739, 0.06550098147563647
1081991.643162995, 0.09449190810931267
2091073.3173124804, 0.10842155758885999
4041239.7323086523, 0.12914469497936729
7810160.666666661, 0.1060323594305684
5925700.2, 0.14800498717101238
3066156.525, 0.12167947722408794
1586532.48, 0.10684546977679464
