28.56921087971323, 0.0
56.717861606442035, 0.0
112.60079386693234, 0.0
223.5440198264337, 0.0
443.79730447740934, 0.0002955503834238456
881.0615806870467, 0.0009121599631265713
1749.1532759011425, 0.0013194213545707394
3472.557707271602, 0.002350329239608677
6893.9967677326085, 0.00455024444479629
13686.508746560154, 0.007900695071169587
27171.541847310167, 0.013967394459485848
53943.09827520367, 0.024686373544018536
107092.11379612364, 0.03288402315344803
212607.75157577085, 0.05224622528959758
422085.75802470464, 0.06634125691121574
837958.0979849476, 0.07564871291222991
1663580.826002314, 0.0848910901634979
3302672.4979418414, 0.059589191564147624
6556727.186423001, 0.03653025357770524
13016934.444444455, 0.019332161687170474
9786830.815, 0.02680140597539543
4929699.845000001, 0.05
2483126.665, 0.0690605528039623
