28.56921087971323, 0.0
55.2132864839902, 0.0
106.70602759027882, 0.0
206.22167324524176, 0.002087193576555279
398.5471062549573, 0.005054700090161082
770.2381297008762, 0.006886318943056533
1488.5737899840137, 0.009115498477200603
2876.840087218097, 0.01460325573800751
5559.82440582533, 0.022483476384185606
10745.000238613378, 0.04586146430118061
20765.949012136614, 0.08788220844958433
40132.58527673205, 0.13021422575818403
77560.83769891008, 0.08926306890235311
149895.2410634863, 0.129750863793417
289689.7965530407, 0.051684397163120566
559858.8563021739, 0.025082165715274173
1081991.643162995, 0.026004728132387703
2091073.3173124804, 0.016118633139909737
4041239.7323086523, 0.0070921985815602835
7810160.666666661, 0.002364066193853428
5925700.2, 0.004728132387706856
3066156.525, 0.017223910840932118
1586532.48, 0.029381965552178313
