28.56921087971323, 0.0
52.111305536998785, 0.00012138676462050803
95.05296370291966, 0.0002665231136232894
173.3801488103902, 0.00044420518937214896
316.25185402388183, 0.0006896175613223065
576.8551697514117, 0.0014038643212632668
1052.2053313995784, 0.0025684735702310394
1919.2617445082492, 0.0041333072967519365
3500.804960789542, 0.006439655824541589
6385.5987379297185, 0.011032575468642494
11647.570115603768, 0.01777774665835778
21245.602043871942, 0.023642754433615593
38752.770039296556, 0.04439064700473703
70686.49702735875, 0.07530327060739853
128934.80535538757, 0.08799062683069712
235181.89090056947, 0.13774165202108962
428980.5352023676, 0.15418412870082465
782476.4860841763, 0.17449158925433086
1427266.2767456518, 0.1654217926186292
2603386.8888888913, 0.14147627416520211
2015326.585, 0.13093145869947276
1104871.385, 0.1609841827768014
605728.515, 0.1555360281195079
