28.56921087971323, 0.000873213639171086
49.83847608456638, 0.0018600160444132078
86.942327839922, 0.0023640661938534283
151.66933189125513, 0.002974605811485245
264.58442979228533, 0.0043234724085787915
461.5627933187005, 0.006588148432120063
805.1880163296478, 0.009548555647846428
1404.6360560809235, 0.018415578699266646
2450.3624122925526, 0.03877711504792427
4274.613289031405, 0.06760884195268417
7456.986231546196, 0.05215250485612322
13008.578764342348, 0.1310086682427108
22693.232388201755, 0.19369276320319492
39587.93697252632, 0.18668109147734105
69060.44616876652, 0.09649688373092628
120474.7099688216, 0.0167973124300112
210165.97122182942, 0.14377820760799484
366630.7681591082, 0.016548463356973995
639580.8007332447, 0.02364066193853428
1115737.238095237, 0.06382978723404255
877659.02, 0.0
503105.78500000003, 0.0070921985815602835
288398.37, 0.03368794326241135
