28.56921087971323, 0.004266672119301348
49.83847608456638, 0.009254211864002793
86.942327839922, 0.0110469500570279
151.66933189125513, 0.011110879749882889
264.58442979228533, 0.014386996461056888
461.5627933187005, 0.017076070923109837
805.1880163296478, 0.02322799570417747
1404.6360560809235, 0.03773000387641708
2450.3624122925526, 0.06960015211485625
4274.613289031405, 0.10691247222068186
7456.986231546196, 0.0639180905088823
13008.578764342348, 0.1336074736735863
22693.232388201755, 0.16631881832783607
39587.93697252632, 0.14733102152147928
69060.44616876652, 0.07445498126467272
120474.7099688216, 0.05066080650189935
210165.97122182942, 0.14772408501993228
366630.7681591082, 0.05364919961186865
639580.8007332447, 0.08556482775817427
1115737.238095237, 0.16685518235487365
877659.02, 0.0
503105.78500000003, 0.04150602805219725
288398.37, 0.08272754005168939
