28.56921087971323, 0.0
52.111305536998785, 0.0009939017031215614
95.05296370291966, 0.0020162005977608817
173.3801488103902, 0.003159187556350677
316.25185402388183, 0.0038833159400535285
576.8551697514117, 0.006275779325424715
1052.2053313995784, 0.010521159457329671
1919.2617445082492, 0.01740037910250676
3500.804960789542, 0.03235859973448626
6385.5987379297185, 0.06942929843693203
11647.570115603768, 0.11050832132463055
21245.602043871942, 0.05629916183107672
38752.770039296556, 0.15508900474378842
70686.49702735875, 0.1856080262930289
128934.80535538757, 0.10433412135539796
235181.89090056947, 0.08953900709219859
428980.5352023676, 0.034369885433715226
782476.4860841763, 0.010131712259371832
1427266.2767456518, 0.010638297872340425
2603386.8888888913, 0.014184397163120567
2015326.585, 0.0
1104871.385, 0.014184397163120567
605728.515, 0.021276595744680847
