28.56921087971323, 0.0
56.717861606442035, 0.0
112.60079386693234, 0.0
223.5440198264337, 0.0
443.79730447740934, 0.001902611831689846
881.0615806870467, 0.0042666780255432735
1749.1532759011425, 0.005509055154445225
3472.557707271602, 0.007695638901312662
6893.9967677326085, 0.013751339992474746
13686.508746560154, 0.02716901298461582
27171.541847310167, 0.05202365486053429
53943.09827520367, 0.06659851340702404
107092.11379612364, 0.056086928232155636
212607.75157577085, 0.05725526738106331
422085.75802470464, 0.019878863177512036
837958.0979849476, 0.015853149770546516
1663580.826002314, 0.016118633139909733
3302672.4979418414, 0.005319148936170213
6556727.186423001, 0.00303951367781155
13016934.444444455, 0.0
9786830.815, 0.0
4929699.845000001, 0.0035460992907801418
2483126.665, 0.009993552546744035
