28.56921087971323, 0.0
55.2132864839902, 0.0
106.70602759027882, 0.0
206.22167324524176, 0.00033337379558820684
398.5471062549573, 0.001037065184692601
770.2381297008762, 0.0016853408769050243
1488.5737899840137, 0.0028455520546908945
2876.840087218097, 0.0054193033103402165
5559.82440582533, 0.008785586992968365
10745.000238613378, 0.01464557703573521
20765.949012136614, 0.025448119472724042
40132.58527673205, 0.046833691559625835
77560.83769891008, 0.061886777080738836
149895.2410634863, 0.09768036591410932
289689.7965530407, 0.1295144991212654
559858.8563021739, 0.14434823610099018
1081991.643162995, 0.16842413591095487
2091073.3173124804, 0.14163604409650105
4041239.7323086523, 0.09982425307557119
7810160.666666661, 0.03807850029291154
5925700.2, 0.078207381370826
3066156.525, 0.11875470750690431
1586532.48, 0.16357017323625406
