28.56921087971323, 0.0
56.12198162402239, 0.0
110.24724605339608, 0.0
216.57209725387685, 8.79614236380493e-07
425.43895641824844, 0.0005761473248292229
835.7415748995257, 0.0013678001375716665
1641.7489970732252, 0.0019333920915643235
3225.0875753249256, 0.003139343209641979
6335.43244860059, 0.006110680100135285
12445.461828036561, 0.01041903062992694
24448.13694562047, 0.018503565076500052
48026.45400955046, 0.03257486559256149
94344.21485211144, 0.0436048119763231
185331.83553987477, 0.06943677295171144
364069.9042163956, 0.09081639420366747
715186.868840014, 0.10277879099379911
1404928.7003332246, 0.11615569875675325
2759872.61374278, 0.08733270244693794
5421554.020699288, 0.061804335090802576
10650219.0909091, 0.030755711775043937
8035886.555, 0.039323374340949034
4090713.3149999995, 0.07359402460456942
2082400.6549999998, 0.101493848857645
