28.56921087971323, 0.0
55.2132864839902, 0.0
106.70602759027882, 0.0
206.22167324524176, 0.007048455231284332
398.5471062549573, 0.013008002260080153
770.2381297008762, 0.014942890490084633
1488.5737899840137, 0.01619063950606765
2876.840087218097, 0.019918980194012323
5559.82440582533, 0.026074724716415035
10745.000238613378, 0.0456507398606441
20765.949012136614, 0.0761347644201892
40132.58527673205, 0.10737523695192265
77560.83769891008, 0.06053327648687176
149895.2410634863, 0.08128112448515937
289689.7965530407, 0.09247172102418984
559858.8563021739, 0.05534022927883201
1081991.643162995, 0.07317468976039156
2091073.3173124804, 0.05444186159273901
4041239.7323086523, 0.036988382440866094
7810160.666666661, 0.02797200843073104
5925700.2, 0.03941686052135476
3066156.525, 0.062456068925724174
1586532.48, 0.08294710990373284
