28.56921087971323, 0.0
55.630702097096524, 0.0
108.32553369590873, 0.0
210.9342648601212, 0.002080094278675839
410.7366248199726, 0.0043163731106993525
799.7969181554155, 0.00619058775087144
1557.3851262260137, 0.00819258975287344
3032.5803667559344, 0.011699642905316663
5905.118474528779, 0.02098552453162382
11498.598546795722, 0.04033111125309707
22390.36678276362, 0.07862472401479492
43599.0979793262, 0.1169102958429781
84897.2847588278, 0.07863269008741547
165314.17606022905, 0.1025548033526757
321904.0147645088, 0.038455476753349094
626819.7754786385, 0.018038852913968548
1220559.5858085915, 0.023743447425223555
2376705.012811151, 0.018321513002364065
4627981.119151586, 0.004728132387706856
9011723.846153839, 0.0
6819852.484999999, 0.0017730496453900709
3502343.065, 0.014184397163120567
1798632.2999999998, 0.01773049645390071
