28.56921087971323, 0.00030536172766554694
49.83847608456638, 0.0005234029931875058
86.942327839922, 0.0006625737661420191
151.66933189125513, 0.0008662646252674439
264.58442979228533, 0.0013091476309739255
461.5627933187005, 0.0020633095224442083
805.1880163296478, 0.00282924798145359
1404.6360560809235, 0.004455239421151992
2450.3624122925526, 0.006772631506268947
4274.613289031405, 0.01097933096747971
7456.986231546196, 0.0157783636051218
13008.578764342348, 0.027781417484289698
22693.232388201755, 0.053986523579076476
39587.93697252632, 0.061766232614338175
69060.44616876652, 0.05584974870004534
120474.7099688216, 0.01134652046883255
210165.97122182942, 0.1061108423347897
366630.7681591082, 0.13064150251083
639580.8007332447, 0.17801408202089794
1115737.238095237, 0.24151298124957585
877659.02, 0.23469988443706088
503105.78500000003, 0.14915808405927378
288398.37, 0.11069838476035705
