28.56921087971323, 0.003524956891928429
50.728930184883055, 0.0077297369176740445
90.07684421308637, 0.010122603033158874
159.944982750819, 0.012748220093994582
284.0063695686533, 0.013369133425179905
504.29601834542996, 0.01679128779924826
895.4534171374573, 0.021823419509540046
1590.0122013533553, 0.03375284706717331
2823.305771208483, 0.06129935197927156
5013.203968469224, 0.10582043609481798
8901.697536897695, 0.09625686446996785
15806.302623391242, 0.10230723112686908
28066.467276228715, 0.12532434340574208
49836.23331378496, 0.11629454928944882
88491.72667375818, 0.03914331522502861
157130.3681881005, 0.07288419510631995
279008.59814785107, 0.07071654201519673
495421.7236176777, 0.04469898439997409
879695.7723225671, 0.06728250340783784
1562032.1333333324, 0.16685518235487365
1220863.95, 0.0
687558.745, 0.020979006323048287
387215.16, 0.05887219048185812
