28.56921087971323, 0.0
55.630702097096524, 0.0
108.32553369590873, 0.0
210.9342648601212, 0.006912631221493309
410.7366248199726, 0.010699817204603975
799.7969181554155, 0.012590632309693584
1557.3851262260137, 0.014121915061882087
3032.5803667559344, 0.016289722255317555
5905.118474528779, 0.023490204626982602
11498.598546795722, 0.03869439209164954
22390.36678276362, 0.0648587463813689
43599.0979793262, 0.09729251974265438
84897.2847588278, 0.051724615143192466
165314.17606022905, 0.06704171929354635
321904.0147645088, 0.0723299521493632
626819.7754786385, 0.04431491093849357
1220559.5858085915, 0.06539192952627673
2376705.012811151, 0.05962533945693424
4627981.119151586, 0.027670685368131498
9011723.846153839, 0.0
6819852.484999999, 0.020979006323048287
3502343.065, 0.049582026433012634
1798632.2999999998, 0.05227866269820221
