28.56921087971323, 8.444296669252733e-05
49.83847608456638, 0.000187357832349045
86.942327839922, 0.0002559677427867234
151.66933189125513, 0.0003967060206076023
264.58442979228533, 0.000683460261667643
461.5627933187005, 0.001243774530242017
805.1880163296478, 0.001745154644978898
1404.6360560809235, 0.002937911549510846
2450.3624122925526, 0.004860615776044003
4274.613289031405, 0.0077979680063628085
7456.986231546196, 0.012016835883715984
13008.578764342348, 0.02157293497363796
22693.232388201755, 0.04264848908833415
39587.93697252632, 0.051979386970897504
69060.44616876652, 0.05280396229429621
120474.7099688216, 0.002266210341319027
210165.97122182942, 0.13716248602013104
366630.7681591082, 0.17106033977738722
639580.8007332447, 0.15289982425307558
1115737.238095237, 0.18541300527240773
877659.02, 0.163884007029877
503105.78500000003, 0.13378734622144112
288398.37, 0.14334358523725835
