28.56921087971323, 0.0
55.630702097096524, 0.0
108.32553369590873, 0.0
210.9342648601212, 0.0008671109366131462
410.7366248199726, 0.001741734142318731
799.7969181554155, 0.002501499324775896
1557.3851262260137, 0.003804206288809983
3032.5803667559344, 0.006399743380514521
5905.118474528779, 0.009806437256145259
11498.598546795722, 0.014908857759709484
22390.36678276362, 0.025292798406282548
43599.0979793262, 0.04423827882399921
84897.2847588278, 0.040140212207253896
165314.17606022905, 0.05401033748633307
321904.0147645088, 0.06045353595942164
626819.7754786385, 0.05792680498154703
1220559.5858085915, 0.08687120495811375
2376705.012811151, 0.09142923021058057
4627981.119151586, 0.0942147819288653
9011723.846153839, 0.09307814407337692
6819852.484999999, 0.10200894102588015
3502343.065, 0.09980990298846378
1798632.2999999998, 0.09217424607006695
