28.56921087971323, 0.0
56.717861606442035, 0.0
112.60079386693234, 0.0
223.5440198264337, 0.0
443.79730447740934, 0.0007888781427660238
881.0615806870467, 0.0016937188540401284
1749.1532759011425, 0.002161631539027788
3472.557707271602, 0.003597945239332794
6893.9967677326085, 0.006091173620433971
13686.508746560154, 0.009456325648054589
27171.541847310167, 0.015919089724353654
53943.09827520367, 0.026829676060471878
107092.11379612364, 0.02441162229224923
212607.75157577085, 0.0327981722744301
422085.75802470464, 0.03428583047009432
837958.0979849476, 0.03641116467208597
1663580.826002314, 0.05538224936458438
3302672.4979418414, 0.05866214364979311
6556727.186423001, 0.0651368975329523
13016934.444444455, 0.09639682758310221
9786830.815, 0.07734362372937342
4929699.845000001, 0.06402575272733844
2483126.665, 0.055459055046663035
