28.56921087971323, 0.0
57.9412432403797, 0.0
117.51068947531763, 0.0
238.32353896302135, 0.0
483.3441917280961, 0.0
980.2708062065824, 0.0
1988.0881366657072, 0.00026388427091414787
4032.0434048690568, 0.0008118839401791949
8177.390991333952, 0.0012393764590601147
16584.57429907586, 0.0023573661534997212
33635.19060945621, 0.004704176936162877
68215.5614568587, 0.008194486226120672
138348.04383615497, 0.011022445996083957
280583.79678360355, 0.015265088490491368
569052.260043076, 0.01903925014645577
1154095.4195222997, 0.02240773286467487
2340621.9971106485, 0.022682940960621102
4747017.656153503, 0.015992970123022848
9627430.937438907, 0.009314586994727592
19525401.666666687, 0.0048330404217926184
14576416.305, 0.005272407732864675
7187224.3, 0.011538167647283564
3543819.83, 0.017944685967995557
