28.56921087971323, 0.0
56.12198162402239, 0.0
110.24724605339608, 0.0
216.57209725387685, 0.0
425.43895641824844, 0.00032985533864268485
835.7415748995257, 0.0009420668471635082
1641.7489970732252, 0.001388031265008418
3225.0875753249256, 0.002470836389992805
6335.43244860059, 0.00528208348946486
12445.461828036561, 0.009504231824091226
24448.13694562047, 0.01753950787342703
48026.45400955046, 0.03136065346688945
94344.21485211144, 0.04121754745805266
185331.83553987477, 0.06551594275671603
364069.9042163956, 0.08485592068176542
715186.868840014, 0.0931292900487449
1404928.7003332248, 0.10219358198268567
2759872.61374278, 0.07124509936460727
5421554.020699288, 0.04261862917398945
10650219.0909091, 0.011423550087873463
