28.56921087971323, 0.0
52.111305536998785, 0.00449640631918011
95.05296370291966, 0.008685700102806138
173.3801488103902, 0.011654863511921555
316.25185402388183, 0.01257983164410497
576.8551697514117, 0.015844214216103665
1052.2053313995784, 0.020564451748614675
1919.2617445082492, 0.028816288833751095
3500.804960789542, 0.047592792855443246
6385.5987379297185, 0.08939530073388995
11647.570115603768, 0.12412209714974029
21245.602043871942, 0.05133761405714841
38752.770039296556, 0.12308022625140391
70686.49702735875, 0.13679812208843245
128934.80535538757, 0.06357106405434784
235181.89090056947, 0.11238953185631546
428980.5352023676, 0.07296156623668545
782476.4860841763, 0.04042540495088147
1427266.2767456518, 0.050461877555878394
2603386.8888888913, 0.0830120561043945
2015326.585, 0.0
1104871.385, 0.05133889665490456
605728.515, 0.061948759675440654
