28.56921087971323, 0.0
52.111305536998785, 0.00040822440885370377
95.05296370291966, 0.0006448868243414999
173.3801488103902, 0.0009264960509023592
316.25185402388183, 0.0013898561846374616
576.8551697514117, 0.002412422506187402
1052.2053313995784, 0.0040522631676316615
1919.2617445082492, 0.006242370133086538
3500.804960789542, 0.008738997895085395
6385.5987379297185, 0.014540826425902625
11647.570115603768, 0.02387091788962057
21245.602043871942, 0.02215023891116822
38752.770039296556, 0.045487174047841285
70686.49702735875, 0.06979604923949995
128934.80535538757, 0.06405121664278016
235181.89090056947, 0.08476348339173317
428980.5352023676, 0.09237126690778054
782476.4860841763, 0.1182858844347039
1427266.2767456518, 0.14798543942156453
2603386.8888888913, 0.22521678652119523
2015326.585, 0.21982420811312986
1104871.385, 0.13912764149711615
605728.515, 0.10729028938937331
