28.56921087971323, 0.0
56.717861606442035, 0.0
112.60079386693234, 0.0
223.5440198264337, 0.0
443.79730447740934, 0.0050989764926378245
881.0615806870467, 0.008300521425304824
1749.1532759011425, 0.008601542826662444
3472.557707271602, 0.0103328860034269
6893.9967677326085, 0.014220724774186573
13686.508746560154, 0.023233215648710375
27171.541847310167, 0.03894525995141355
53943.09827520367, 0.059871461361682046
107092.11379612364, 0.03598588616946943
212607.75157577085, 0.04556762434855341
422085.75802470464, 0.04201759419751079
837958.0979849476, 0.03589697385983223
1663580.826002314, 0.045872168681613826
3302672.4979418414, 0.022929994958116245
6556727.186423001, 0.026729292721930944
13016934.444444455, 0.0
9786830.815, 0.0
4929699.845000001, 0.018494191220433047
2483126.665, 0.03675331128058181
