0.00429448082319925, 0.0
0.00804725275355149, 0.0
0.015079419269894253, 0.0
0.0282567097717795, 0.0
0.05294909789534479, 0.0
0.09921915858479817, 2.7424684958931534e-05
0.18592274130398043, 8.22740548767946e-05
0.3483930545978552, 0.0003656624661190871
0.6528395592746434, 0.0013255264396816908
1.2233294680511528, 0.003944583853259653
2.2923472791156945, 0.009212622843882669
4.295536227407704, 0.011115116558519586
8.049230432524164, 0.011368547644549674
15.083125161994761, 0.014902127358323601
28.263654092091535, 0.015419231023757527
52.96211057442129, 0.016869609335362763
99.24354251427434, 0.0319634703196347
185.9684333565704, 0.06712328767123288
348.47867507473137, 0.14703196347031966
652.9999999999999, 0.2024353120243531
500.74, 0.22983257229832574
267.225, 0.10632746249184602
142.605, 0.05233579206181945
