0.00429448082319925, 0.0
0.007263882290735042, 0.0
0.01228646444259745, 0.0
0.02078189079299298, 8.119012200223994e-05
0.035151445474788066, 0.00026813234978232114
0.05945677086242861, 0.00028758575745923225
0.10056791559035175, 0.0007105875250541463
0.17010519574952576, 0.001231023610783346
0.28772374818674784, 0.0016791789686211379
0.4866691749529457, 0.003065212100817931
0.8231746157277746, 0.004918145743607219
1.39235538812189, 0.008680710392581779
2.355093912994488, 0.014054255819037001
3.9835141130923284, 0.02128912730241592
6.737898901462144, 0.03228566418464658
11.39679195741124, 0.04918645622415556
19.27705785142124, 0.06143611201753176
32.60610185705721, 0.08070236825797311
55.15145965256344, 0.15976606730880555
93.28571428571429, 0.2406079751600656
74.22, 0.23012649475356367
43.879999999999995, 0.10652786716652592
25.945, 0.07308687953009636
