0.00429448082319925, 8.119012200223994e-05
0.008179693691836937, 8.119012200223994e-05
0.015579855085354227, 8.119012200223994e-05
0.029674935715854018, 8.119012200223994e-05
0.05652182288703537, 8.119012200223994e-05
0.10765706430044929, 0.00016238024400447987
0.20505431180015107, 0.0002681323497823212
0.39056675993400763, 0.0010522607332373152
0.7439121500357369, 0.0017692493171246586
1.4169287910325468, 0.004659124703303731
2.698822970911967, 0.006113201057176885
5.140445641600902, 0.008622684734702471
9.791002106864623, 0.014247930605058452
18.648912748111947, 0.021368623810612428
35.5205670360194, 0.027807824377340213
67.65599151017999, 0.03049014223442916
128.86430508229012, 0.035142870805591545
245.44772389955867, 0.04578911371455086
467.50405497475055, 0.08318518181640959
890.4545454545457, 0.14955748067067834
