0.00429448082319925, 0.0
0.00804725275355149, 0.0
0.015079419269894253, 0.0
0.0282567097717795, 0.0
0.05294909789534479, 0.0
0.09921915858479817, 0.00028566465994761406
0.18592274130398043, 0.0008569939798428424
0.3483930545978552, 0.0036216739866928483
0.6528395592746434, 0.011826990557554205
1.2233294680511528, 0.02134235352559606
2.2923472791156945, 0.0321557213221026
4.295536227407704, 0.03055620209886308
8.049230432524164, 0.02498347872111817
15.083125161994761, 0.024823453597930284
28.263654092091535, 0.021746960468229055
52.96211057442129, 0.017829815718727122
99.24354251427434, 0.025702616144773135
185.9684333565704, 0.04697651561501986
348.47867507473137, 0.08824961423216829
652.9999999999999, 0.1627832355835632
500.74, 0.15423309030007185
267.225, 0.06232261402476809
142.605, 0.035871925343693115
