0.00429448082319925, 0.0
0.007595143735835638, 0.0
0.013432638482485743, 0.0
0.02375672967844169, 0.0
0.04201573694925433, 0.00028566465994761406
0.0743082981236638, 0.0005713293198952281
0.13142035748901204, 0.0023863941201837584
0.23242774762243668, 0.00496917246802148
0.411067652660707, 0.02343420741646649
0.7270070668949337, 0.022805781043794094
1.285771993719555, 0.026877498239395337
2.273993878621375, 0.02984695945588551
4.021745834615964, 0.029195921250217315
7.1127894011995885, 0.030709283052518903
12.579555035617547, 0.026085704964660398
22.247981202345528, 0.02528766195187718
39.34739076052074, 0.04316148839710574
69.5891076848756, 0.0707995488647887
123.0740797490463, 0.16092246745850314
217.66666666666677, 0.24955914925917275
170.37, 0.23227157476456398
96.33, 0.09987377617893929
54.47, 0.06249934842553545
