0.00429448082319925, 0.0
0.008266542295400926, 0.0
0.015912452362692002, 0.0
0.0306302358527595, 0.0
0.0589608268424661, 0.0
0.11349501579610204, 0.0
0.21846909720200736, 8.119012200223994e-05
0.4205360570018915, 0.0003955328544485227
0.8094992724539587, 0.0015508234279953822
1.5582232752530445, 0.0029212050947272235
2.9994588731127294, 0.006246660562554349
5.773725546509807, 0.006247732199594481
11.11397358545049, 0.010625326168062737
21.393536610474808, 0.016109166077999733
41.18089764968379, 0.020035438958042915
79.27003197794768, 0.020911964384618172
152.58865951002642, 0.024222281190896602
293.72132734277204, 0.021411665612330495
565.39075979189, 0.05475797967261223
1088.3333333333337, 0.2495555454492288
826.8599999999999, 0.11982455048160415
429.555, 0.03219226321446263
223.15500000000003, 0.027861833070149177
