0.00429448082319925, 0.0
0.008179693691836937, 0.0
0.015579855085354227, 0.0
0.029674935715854018, 0.0
0.05652182288703537, 0.0
0.10765706430044929, 8.119012200223994e-05
0.20505431180015107, 0.00016238024400447987
0.39056675993400763, 0.0009047266094366749
0.7439121500357369, 0.0015795461204541712
1.4169287910325468, 0.004342591387147995
2.698822970911967, 0.006036411405482183
5.140445641600902, 0.008630741517687664
9.791002106864623, 0.014204298291852656
18.648912748111947, 0.021309088301971237
35.5205670360194, 0.027537009406473415
67.65599151017999, 0.029645606151547873
128.86430508229012, 0.03165481324437083
245.44772389955867, 0.029831968546886484
467.50405497475055, 0.01351815531337295
890.4545454545457, 0.0
