0.00429448082319925, 0.0
0.008108090445995671, 0.0
0.015308283675480755, 0.0
0.028902434013267017, 0.0
0.05456854011852641, 0.0
0.10302680975935687, 9.522155331587145e-05
0.1945172714193063, 0.0006665508732111
0.367253620380842, 0.0029562529860955476
0.6933842979531379, 0.00823071356007899
1.3091274203080565, 0.01810488073987829
2.4716663005804818, 0.0274612488404531
4.666569660566449, 0.02494467052621471
8.810603758203477, 0.02371338276967128
16.634646909920246, 0.021649001435425967
31.406641975026428, 0.02158848961044516
59.29654927386872, 0.018353585547386874
111.95341286674999, 0.02310176122686397
211.3709280893412, 0.04075272566633418
399.07375842598134, 0.08873028530769768
753.4615384615382, 0.16539516234040946
576.265, 0.15962153692190445
305.22, 0.06435814473278845
161.66, 0.033049947921443966
