0.00429448082319925, 0.0
0.007595143735835638, 0.0
0.013432638482485743, 0.0
0.02375672967844169, 0.0
0.04201573694925433, 2.7424684958931534e-05
0.0743082981236638, 5.484936991786307e-05
0.13142035748901204, 0.0002468221646303838
0.23242774762243668, 0.000690187904799777
0.411067652660707, 0.0041685521137575935
0.7270070668949337, 0.004498361456573511
1.285771993719555, 0.0060802691660658496
2.273993878621375, 0.009026229160029733
4.021745834615964, 0.010189063738254274
7.1127894011995885, 0.014638732205210852
12.579555035617547, 0.015380918048546022
22.247981202345528, 0.017434620174346202
39.34739076052074, 0.04185692541856925
69.5891076848756, 0.08088714938030003
123.0740797490463, 0.2100456621004566
217.66666666666677, 0.23515981735159816
170.37, 0.3424657534246575
96.33, 0.1050228310502283
54.47, 0.06278538812785388
