0.00429448082319925, 0.0
0.007393664625151281, 0.0
0.012729426172751851, 0.0
0.0219158291459865, 0.0
0.037731753233636874, 0.0001396847675868284
0.06496150305792966, 0.00032149648066562297
0.11184205656744803, 0.0007760348760236737
0.19255474440118203, 0.0011888555464848675
0.3315150912755657, 0.0018869687676249746
0.5707584930468849, 0.0035583094925657394
0.9826558909632396, 0.005413660758791117
1.6918059245864574, 0.007968680256085171
2.9127259224591686, 0.01317406194932926
5.014743225609299, 0.021763144050685496
8.633716418317388, 0.0299690026146039
14.864382050761193, 0.04368779281470904
25.591511586160266, 0.053161939709641004
44.06005328899877, 0.06848605764895616
75.85672652799653, 0.15625022842548686
130.6, 0.2353091126415877
103.22999999999999, 0.20662888426255224
59.96, 0.1000252150132001
34.825, 0.0584298709768917
