0.00429448082319925, 0.0
0.008179693691836937, 0.0
0.015579855085354227, 0.0
0.029674935715854018, 0.0
0.05652182288703537, 0.0
0.10765706430044929, 6.629145701993384e-06
0.20505431180015107, 2.6516582807973538e-05
0.39056675993400763, 0.00015909949684784122
0.7439121500357369, 0.0003778613050136229
1.4169287910325465, 0.0024461547640355586
2.698822970911967, 0.011680554726912342
5.140445641600902, 0.02161196649048405
9.791002106864623, 0.03414984441075561
18.648912748111947, 0.04578670929435944
35.5205670360194, 0.053125682264755114
67.65599151017999, 0.05438917852613781
128.86430508229012, 0.0642935982339956
245.44772389955867, 0.09161147902869757
467.50405497475055, 0.15231788079470193
890.4545454545457, 0.2947019867549669
678.975, 0.19701986754966888
356.475, 0.12334437086092716
187.155, 0.0798841059602649
