0.00429448082319925, 0.0
0.008266542295400926, 0.0
0.015912452362692002, 0.0
0.0306302358527595, 0.0
0.0589608268424661, 0.0
0.11349501579610204, 0.0
0.21846909720200736, 9.522155331587145e-05
0.4205360570018915, 0.0007617724265269716
0.8094992724539587, 0.0030512829319487757
1.5582232752530445, 0.008426866367969552
2.9994588731127294, 0.014986095237967933
5.773725546509807, 0.017914983331606266
11.11397358545049, 0.01751609454384981
21.393536610474808, 0.015469824064012622
41.18089764968379, 0.012453116155461
79.27003197794768, 0.011494400262487457
152.58865951002642, 0.016007082892097298
293.72132734277204, 0.02891131828452667
565.39075979189, 0.06800371835575811
1088.3333333333337, 0.24466535752728427
826.8599999999999, 0.12477957462958637
429.555, 0.04980888692551956
223.15500000000003, 0.0224139991164838
