0.00429448082319925, 0.0
0.007263882290735042, 0.0
0.01228646444259745, 0.0
0.02078189079299298, 6.629145701993384e-06
0.035151445474788066, 3.314572850996692e-05
0.05945677086242861, 5.9662311317940454e-05
0.10056791559035175, 0.00034471557650365595
0.17010519574952576, 0.00131257084899469
0.28772374818674784, 0.0023178807947019865
0.4866691749529457, 0.0035913149484366248
0.8231746157277746, 0.006063654399642328
1.39235538812189, 0.01121097445600757
2.355093912994488, 0.017553658341977182
3.9835141130923284, 0.026084606027841593
6.737898901462144, 0.04521580269467915
11.39679195741124, 0.06194000779119594
19.27705785142124, 0.10066225165562911
32.60610185705721, 0.1225165562913907
55.15145965256344, 0.21412803532008826
93.28571428571429, 0.31788079470198677
74.22, 0.347682119205298
43.879999999999995, 0.19039735099337748
25.945, 0.1182592242194891
