0.00429448082319925, 0.0
0.008179693691836937, 0.0
0.015579855085354227, 0.0
0.029674935715854018, 0.0
0.05652182288703537, 0.0
0.10765706430044929, 8.119012200223994e-05
0.20505431180015107, 0.00019776642722426136
0.39056675993400763, 0.000998297399855474
0.7439121500357369, 0.0017231953893636234
1.4169287910325465, 0.004649144228798071
2.698822970911967, 0.00609671685764784
5.140445641600902, 0.00863304207464467
9.791002106864623, 0.014207855419900967
18.648912748111947, 0.021334429865627308
35.5205670360194, 0.02760481833228981
67.65599151017999, 0.02985316096397155
128.86430508229012, 0.032429488283121324
245.44772389955867, 0.03288183026438461
467.50405497475055, 0.05053211100335363
890.4545454545457, 0.24597099906322037
678.975, 0.10216720940755968
356.475, 0.03519915832031341
187.155, 0.03748546931320397
