0.00429448082319925, 0.0
0.007595143735835638, 0.0
0.013432638482485743, 0.0
0.02375672967844169, 0.0
0.04201573694925433, 0.0001396847675868284
0.0743082981236638, 0.00030219017216001376
0.13142035748901204, 0.0006823835349234146
0.23242774762243668, 0.0014558787258256193
0.411067652660707, 0.0021385134960012504
0.7270070668949337, 0.003095205952915285
1.285771993719555, 0.005795534000235948
2.273993878621375, 0.009416269784679803
4.021745834615964, 0.014412385306891734
7.1127894011995885, 0.021229221913118265
12.579555035617547, 0.0334157208935228
22.247981202345528, 0.0431924114610125
39.34739076052074, 0.05965372678530533
69.5891076848756, 0.0544958214717679
123.0740797490463, 0.12086974677266066
217.66666666666677, 0.2088456560426686
170.37, 0.17301126460414742
96.33, 0.058548440014040644
54.47, 0.06284851952351757
