0.00429448082319925, 0.0
0.007263882290735042, 0.0
0.01228646444259745, 0.0
0.02078189079299298, 9.522155331587145e-05
0.035151445474788066, 0.00047610776657935677
0.05945677086242861, 0.0008569939798428424
0.10056791559035175, 0.0017936922729247103
0.17010519574952576, 0.011034118634111524
0.28772374818674784, 0.01263555606394496
0.4866691749529457, 0.016368243386481563
0.8231746157277746, 0.02503327592568403
1.39235538812189, 0.023370479560998577
2.355093912994488, 0.029396117586048494
3.9835141130923284, 0.02317890116012156
6.737898901462144, 0.037719060273494094
11.39679195741124, 0.035249158715181035
19.27705785142124, 0.06193572025769772
32.60610185705721, 0.08025221507740679
55.15145965256344, 0.16092246745850314
93.28571428571429, 0.24312656642875133
74.22, 0.24993483440007322
43.879999999999995, 0.12452867710771365
25.945, 0.08136445667735265
