0.00429448082319925, 0.0
0.008444848312833955, 0.0
0.016606306085131552, 0.0
0.032655341052601296, 0.0
0.06421484066323949, 0.0
0.1262747724717687, 0.0
0.2483120412369883, 0.0
0.4882912763676914, 0.0
0.9601965711732593, 9.141561652977178e-06
1.8881710567333991, 8.22740548767946e-05
3.7129792445826317, 0.0003290962195071784
7.301359069952081, 0.0013209556588552023
14.35770058401283, 0.0038943052641682778
28.23358830666509, 0.004779833907447462
55.519719470808504, 0.005125337806355419
109.17631923497304, 0.006097233413913512
214.68892125731753, 0.009577903998218062
422.173354383118, 0.02060965074663705
830.179499283401, 0.038160469667318966
1632.4999999999993, 0.013698630136986304
1231.34, 0.0517503805175038
626.175, 0.030510585305105857
318.43, 0.015191429574991217
