0.00429448082319925, 0.0
0.008266542295400926, 0.0
0.015912452362692002, 0.0
0.0306302358527595, 0.0
0.0589608268424661, 0.0
0.11349501579610204, 0.0
0.21846909720200736, 6.629145701993384e-06
0.4205360570018915, 5.3033165615947075e-05
0.8094992724539587, 0.00025190753667574855
1.5582232752530445, 0.0010142592924049878
2.9994588731127294, 0.005409382892826602
5.773725546509807, 0.01606312526419614
11.11397358545049, 0.025600024136734605
21.393536610474808, 0.03395863115208449
41.18089764968379, 0.03843323710873379
79.27003197794768, 0.039735099337748346
152.58865951002642, 0.04966887417218543
293.72132734277204, 0.07019867549668873
565.39075979189, 0.12015137180700089
1088.3333333333337, 0.23509933774834438
826.8599999999999, 0.1605960264900662
429.555, 0.10596026490066225
223.15500000000003, 0.06158940397350991
