0.00429448082319925, 0.0
0.008179693691836937, 0.0
0.015579855085354227, 0.0
0.029674935715854018, 0.0
0.05652182288703537, 0.0
0.10765706430044929, 9.522155331587145e-05
0.20505431180015107, 0.0003808862132634858
0.39056675993400763, 0.002101764111455176
0.7439121500357369, 0.004671964097074019
1.4169287910325465, 0.013918052384413591
2.698822970911967, 0.024336965307719494
5.140445641600902, 0.023231659828819796
9.791002106864623, 0.019839526430026365
18.648912748111947, 0.019090394947954052
35.5205670360194, 0.0164527661055498
67.65599151017999, 0.01420567510069697
128.86430508229012, 0.01970808852751683
245.44772389955867, 0.03613914785565833
467.50405497475055, 0.07471333038827932
890.4545454545457, 0.24968444044734825
678.975, 0.12099379636745301
356.475, 0.054532287271672086
187.155, 0.028800173085714302
