0.00429448082319925, 0.0
0.00804725275355149, 0.0
0.015079419269894253, 0.0
0.0282567097717795, 0.0
0.05294909789534479, 0.0
0.09921915858479817, 0.00018106186032055454
0.18592274130398043, 0.00046413489155948796
0.3483930545978552, 0.001599204974690745
0.6528395592746434, 0.003255862243257217
1.2233294680511528, 0.006442983990536032
2.2923472791156945, 0.007127411817248876
4.295536227407704, 0.01192482295713415
8.049230432524164, 0.01943996379521423
15.083125161994761, 0.029297746776433667
28.263654092091535, 0.03830973173536294
52.96211057442129, 0.044521068499114136
99.24354251427434, 0.04698108175808782
185.9684333565704, 0.05329377361253168
348.47867507473137, 0.04595854721297343
652.9999999999999, 0.13463974112120888
500.74, 0.1025955853299978
267.225, 0.04588214059785105
142.605, 0.05397975416790466
