0.00429448082319925, 0.0
0.008266542295400926, 0.0
0.015912452362692002, 0.0
0.0306302358527595, 0.0
0.0589608268424661, 0.0
0.11349501579610204, 0.0
0.21846909720200736, 9.141561652977178e-06
0.4205360570018915, 7.313249322381742e-05
0.8094992724539587, 0.000310813096201224
1.5582232752530445, 0.0011975445765400104
2.9994588731127294, 0.003894305264168278
5.773725546509807, 0.007335082094627417
11.11397358545049, 0.009236433987580742
21.393536610474808, 0.009977269527085471
41.18089764968379, 0.010381298052530932
79.27003197794768, 0.01232876712328767
152.58865951002642, 0.02313546423135464
293.72132734277204, 0.04992389649923896
565.39075979189, 0.0932811480756686
1088.3333333333337, 0.19863013698630136
826.8599999999999, 0.1324200913242009
429.555, 0.0801623541349569
223.15500000000003, 0.03607305936073059
