0.00429448082319925, 0.0
0.008179693691836937, 0.0
0.015579855085354227, 0.0
0.029674935715854018, 0.0
0.05652182288703537, 0.0
0.10765706430044929, 6.629145701993384e-06
0.20505431180015107, 1.3258291403986769e-05
0.39056675993400763, 0.00013258291403986768
0.7439121500357369, 0.0003049407022916957
1.4169287910325468, 0.002088180896127916
2.698822970911967, 0.010719328600123302
5.140445641600902, 0.020045125033948234
9.791002106864623, 0.031157743557009496
18.648912748111947, 0.040077643297556524
35.5205670360194, 0.04220944618295612
67.65599151017999, 0.03325348738903762
128.86430508229012, 0.02345474613686534
245.44772389955867, 0.011037527593818984
467.50405497475055, 0.0011037527593818985
890.4545454545457, 0.0
