0.00429448082319925, 0.0
0.007595143735835638, 0.0
0.013432638482485743, 0.0
0.02375672967844169, 0.0
0.04201573694925433, 1.9887437105980152e-05
0.0743082981236638, 3.9774874211960305e-05
0.13142035748901204, 0.00017898693395382138
0.23242774762243668, 0.0007623517557292391
0.411067652660707, 0.003294685413890712
0.7270070668949337, 0.005628647058244688
1.285771993719555, 0.009707215057511327
2.273993878621375, 0.017526567072231637
4.021745834615964, 0.026544797766953093
7.1127894011995885, 0.04343591741332294
12.579555035617547, 0.06465667479958173
22.247981202345528, 0.08067429259482241
39.34739076052074, 0.12086092715231789
69.5891076848756, 0.14474929044465462
123.0740797490463, 0.29359823399558493
217.66666666666677, 0.38741721854304634
170.37, 0.4304635761589404
96.33, 0.19602649006622513
54.47, 0.14735099337748345
