0.00429448082319925, 0.0
0.008444848312833955, 0.0
0.016606306085131552, 0.0
0.032655341052601296, 0.0
0.06421484066323949, 0.0
0.1262747724717687, 0.0
0.2483120412369883, 0.0
0.4882912763676914, 0.0
0.9601965711732593, 9.522155331587145e-05
1.8881710567333991, 0.0008569939798428424
3.7129792445826317, 0.0028088108312265252
7.301359069952081, 0.00516100867548663
14.35770058401283, 0.006576665891606316
28.23358830666509, 0.006777956620049786
55.519719470808504, 0.0062491401316583355
109.17631923497304, 0.00607666913045422
214.68892125731753, 0.006740934797251573
422.173354383118, 0.013125741873684642
830.179499283401, 0.035630413808283995
1632.4999999999993, 0.06617067007392437
1231.34, 0.07711654515003594
626.175, 0.022639674922413255
318.43, 0.009034798817626963
