0.00429448082319925, 6.629145701993384e-06
0.008179693691836937, 6.629145701993384e-06
0.015579855085354227, 6.629145701993384e-06
0.029674935715854018, 6.629145701993384e-06
0.05652182288703537, 6.629145701993384e-06
0.10765706430044929, 1.3258291403986769e-05
0.20505431180015107, 3.314572850996692e-05
0.39056675993400763, 0.0001657286425498346
0.7439121500357369, 0.0003844904507156163
1.4169287910325468, 0.0024461547640355586
2.698822970911967, 0.01167392558121035
5.140445641600902, 0.021580629661353334
9.791002106864623, 0.03399026569855581
18.648912748111947, 0.04540610489457258
35.5205670360194, 0.05210683356378721
67.65599151017999, 0.04988023108355642
128.86430508229012, 0.051600441501103746
245.44772389955867, 0.05849889624724061
467.50405497475055, 0.07836644591611479
890.4545454545457, 0.04966887417218543
