0.00429448082319925, 0.0
0.007393664625151281, 0.0
0.012729426172751851, 0.0
0.0219158291459865, 0.0
0.037731753233636874, 1.9887437105980152e-05
0.06496150305792966, 5.3033165615947075e-05
0.11184205656744803, 0.0002850532651857155
0.19255474440118203, 0.0010076301467029944
0.3315150912755657, 0.002361821662847996
0.5707584930468849, 0.00391944857413164
0.9826558909632396, 0.007112209681932656
1.6918059245864574, 0.011639574553481838
2.9127259224591686, 0.01903973509933774
5.014743225609299, 0.03226971703792895
8.633716418317388, 0.04925496688741722
14.864382050761193, 0.08057395143487858
25.591511586160266, 0.10463576158940395
44.06005328899877, 0.14128035320088297
75.85672652799653, 0.2362030905077262
130.6, 0.3344370860927152
103.22999999999999, 0.39072847682119205
59.96, 0.2052980132450331
34.825, 0.12417218543046357
