1251.5041998573433, 0.0019511996796313291
3983.007473390518, 0.002790974220863945
12676.22476607993, 0.004056746869798859
40343.05117268447, 0.0077005826792957265
128394.834263037, 0.0063869123787919065
408626.34298207436, 0.005458770672765911
617860.2013597075, 0.005727173356759464
934230.5873828703, 0.006298267420331369
1412595.9051594932, 0.007171380711950881
2135904.366890096, 0.008138120997584165
3229577.154964984, 0.008848921609927873
4883256.3674459625, 0.011961029324823333
7383688.825498916, 0.014678834673697912
11164447.772032928, 0.013570862007506582
16881114.169383854, 0.015449548228423359
25524953.9805838, 0.012206477033797472
38594802.99544118, 0.014928904478702302
58356963.91029695, 0.011299074065428811
88238181.63367647, 0.0
133419838.46153872, 0.0
110829010.04499999, 0.0
73297572.77, 0.0
48475883.455, 0.021484517741430453
