1251.5041998573433, 0.0003893027244975464
4050.1041182021568, 0.0008265207639226132
13106.902374077428, 0.0016828927639783193
42416.41321553343, 0.003325268763110989
137267.52963607988, 0.0050107292736953
444223.6687163297, 0.005696139488233706
675704.249868265, 0.0062386070076851435
1027807.08333124, 0.007953389466288796
1563387.2374664294, 0.010072791819058586
2378052.938058228, 0.01268536421587476
3617232.9162491276, 0.01571709578754776
5502137.383484865, 0.019249618606840928
8369247.014962362, 0.022813142006468706
12730379.25365159, 0.02653103054512479
19364054.574093796, 0.030118174615472015
29454472.806921855, 0.03624943160895822
44802908.65810565, 0.045897402924264454
68149263.3524523, 0.07416582282477484
103661173.67341164, 0.12691463811826162
157677990.90909117, 0.23667591174276378
130669582.28999999, 0.16400904870428526
85905218.50999999, 0.08597197128822244
56476086.004999995, 0.05883086138358873
