1251.5041998573433, 2.3370373755293538e-05
4132.198784041264, 5.2286259927097404e-05
13643.635229333178, 0.00010756133498776853
45048.3609331711, 0.00025390524707022297
148740.03802170246, 0.00039491970566148566
491107.74404240114, 0.000500536510321387
752392.1306695208, 0.0005872121491950256
1152687.8269802765, 0.0007003861189054369
1765953.1144832314, 0.0009331121054301918
2705494.3494309844, 0.0011721372796716842
4144900.3457517843, 0.0016076991602287445
6350114.491951009, 0.002008937493504728
9728570.218151413, 0.0023792334353004807
14904468.03903589, 0.0024295170258908654
22834102.293076027, 0.0030807572087520295
34982545.24516307, 0.002913878696309086
53594332.55236695, 0.002302323908194833
82108161.70189494, 0.0
125792222.74066333, 0.0
192717544.44444475, 0.0
159254883.59, 0.0
103950192.22, 0.0
67851247.125, 0.0022140245537612254
