125.15041998573435, 0.00012985609635049437
262.12157737475366, 0.00017860218255453243
549.001124672701, 0.0002552529687091645
1149.8566348888453, 0.0003414183086431033
2408.3198036910035, 0.0005628130234559384
5044.110805527469, 0.00095336757546666
10564.649171362029, 0.001404558253486563
22127.153113221357, 0.00246819242005101
46344.26538489771, 0.0034307199396063073
97065.8504090382, 0.004521909381077911
203299.78773814108, 0.005308156663511406
425801.6956551039, 0.005721727096886278
891821.3149159461, 0.007340494506554289
1867877.1499835274, 0.01115023438631977
3912179.479315785, 0.01649341174995875
8193873.070568106, 0.022900133750016424
17161675.800294183, 0.028739043434873112
35944310.30818772, 0.034508179324567706
75283641.21114196, 0.04973142473865119
157677990.90909117, 0.2430396886713769
