1251.5041998573433, 4.504828592892482e-05
3926.4161792405002, 9.13569155888747e-05
12318.57153524445, 0.00018512648917714026
38647.76369638124, 0.0004440731111714636
121251.85411781464, 0.0005407234704306437
380410.4227739422, 0.0007193577565104502
572264.3610269801, 0.0008724539624262448
860876.7775435665, 0.0010360815535245566
1295046.2698460028, 0.0013327825432972436
1948182.2309432284, 0.0017928296514744006
2930716.912079337, 0.0023983556919714988
4408777.311652905, 0.002985365115734207
6632273.933941524, 0.004162585022718845
9977155.665943326, 0.0037740760020822488
15008975.228396064, 0.003960247374693831
22578512.84966473, 0.003590186344341319
33965626.21663764, 0.004021872077127851
51095648.85738147, 0.0020984723121567498
76864925.60169485, 0.0
115630526.66666643, 0.0
96247726.13499999, 0.0
63980287.23, 0.0
42530637.54, 0.004006583207424995
