1251.5041998573433, 0.00034410119627811364
4303.18811185064, 0.0006884547379210176
14796.13726273029, 0.0011442646771259671
50875.22836723115, 0.0017685993867583923
174930.0385268467, 0.002016888301431033
601481.6908166241, 0.002408540422832406
934929.4661519239, 0.0027402180679635423
1453233.1075487507, 0.0024764319689472864
2258872.504647989, 0.0022411592112589014
3511140.0681349444, 0.0021966583002893804
5457636.299833481, 0.0025170917523517447
8483225.790841732, 0.0031767811759141427
13186133.312071025, 0.003875623272747041
20496225.847415116, 0.005129532942476622
31858867.497090988, 0.004959504484989267
49520699.359643616, 0.007455780761848876
76973849.28362945, 0.005218986902859543
119646401.4069922, 0.0013755233048012418
185975646.31197008, 0.009977742562951454
289076316.6666672, 0.0
237525981.49, 0.0
152811023.86, 0.0
98310125.345, 0.006715507733280964
