1251.5041998573433, 8.499874366709943e-05
3342.714845818964, 0.00021057608896201985
8928.250134304113, 0.0004326767991584117
23846.978919068308, 0.0008156373520209727
63694.27323519002, 0.0014294032271458552
170124.71293439413, 0.0031610152379935395
241628.6811970653, 0.004156310574618843
343185.9990826144, 0.005471153089823681
487428.18684788916, 0.007680562385386421
692295.8336555775, 0.01009987043240103
983270.0164433392, 0.012507172398375498
1396541.5913762164, 0.016080011497128382
1983512.5487689497, 0.02101574822708248
2817189.302072152, 0.02742278028242483
4001263.096941602, 0.032322366705167846
5683006.945671221, 0.04628991393121949
8071593.184970388, 0.051125849199547914
11464109.962646801, 0.07128618800998547
16282512.537968028, 0.06540233739458746
23126105.33333334, 0.0943775848578561
19704308.935, 0.08636685420470211
13873311.25, 0.07833128407665461
9767851.57, 0.05381720630425873
