1251.5041998573433, 0.0029506520044931556
3517.905792646168, 0.0040209732534076
9888.629352857268, 0.006826903967215012
27796.364155799776, 0.007294767825648934
78133.96909841498, 0.005945374707378306
219630.05999107528, 0.0076246536916826325
317684.5015308496, 0.0072699510145076965
459515.6169287812, 0.0076193203807110674
664667.6220713715, 0.009744365204750366
961410.3015316697, 0.01105011244956069
1390634.5625964103, 0.01362423822067823
2011487.170052964, 0.014759648382975946
2909521.1237475504, 0.01568213050158057
4208484.794516641, 0.01663907257239965
6087374.352128777, 0.021694570068346585
8805099.296363568, 0.025269487710181247
12736159.981964951, 0.025561214734515662
18422253.47228018, 0.04408275066780878
26646918.967531566, 0.0
38543508.88888888, 0.0
32595213.93, 0.0
22534586.22, 0.0
15579206.725, 0.029765662562769947
