1251.5041998573433, 8.660249354761072e-05
3232.1129299639806, 0.00018987652655076925
8347.198509786167, 0.00038672750025632027
21557.32936056566, 0.000728251631787531
55673.58301292041, 0.0013089167275742153
143781.62497097068, 0.00286957776036266
201774.18754735796, 0.0037599120944056927
283157.3420359955, 0.0049716616203848195
397365.39803968405, 0.006370040509757416
557637.8787280881, 0.008417577213708023
782554.3072608139, 0.0105223402849991
1098188.0305714717, 0.013170530607241026
1541128.7616726388, 0.016990200827154515
2162724.227488352, 0.020900089422109618
3035032.633540994, 0.02933316171514316
4259175.982578403, 0.031865941353999776
5977062.602258707, 0.04883937553560118
8387837.811221991, 0.05217221207943664
11770969.760426825, 0.07677260702708745
16518646.666666664, 0.07155631729945229
14144808.215, 0.06954431983307872
10079403.785, 0.06279419253076989
7182450.205, 0.049442974775513245
