1251.5041998573433, 3.4834939265059615e-05
4050.1041182021568, 0.00010860743376857986
13106.902374077428, 0.0003210856446819038
42416.41321553343, 0.0009804133281162977
137267.52963607988, 0.002298285468299254
444223.6687163297, 0.003907890900699872
675704.249868265, 0.004754345301102865
1027807.08333124, 0.006414894014808976
1563387.2374664294, 0.008615157875562511
2378052.938058228, 0.011530802437183584
3617232.9162491276, 0.015343765444119266
5502137.383484865, 0.02022064618938571
8369247.014962362, 0.026357605153168238
12730379.25365159, 0.03423782893956894
19364054.574093796, 0.04318214230192554
29454472.806921855, 0.05627383037122596
44802908.65810565, 0.06937975831190929
68149263.3524523, 0.09590521256380637
103661173.67341164, 0.12357017772644287
157677990.90909117, 0.16947352732963225
130669582.28999999, 0.13486592893426233
85905218.50999999, 0.0936261907423277
56476086.004999995, 0.08194128776117675
