1251.5041998573433, 0.00047730257581590026
3983.007473390518, 0.0010056914059028723
12676.22476607993, 0.0021248923833477873
40343.05117268447, 0.0038067380824717526
128394.834263037, 0.005551459317896855
408626.34298207436, 0.006181830868973609
617860.2013597075, 0.007657402890056863
934230.5873828703, 0.009754899314384051
1412595.9051594932, 0.012309403306570849
2135904.366890096, 0.01548037149515646
3229577.154964984, 0.019108215163440922
4883256.3674459625, 0.023385597343229054
7383688.825498916, 0.027666544431594966
11164447.772032928, 0.03215968060748595
16881114.169383854, 0.03626969517421891
25524953.9805838, 0.042147352051198954
38594802.99544118, 0.05580117947039371
58356963.91029695, 0.07439245430613643
88238181.63367647, 0.1289027233616883
133419838.46153872, 0.2445628880466804
110829010.04499999, 0.16798621828934188
73297572.77, 0.10246902826186519
48475883.455, 0.0664250292216943
