1251.5041998573433, 2.2452498327158334e-05
4132.198784041264, 6.911043089738272e-05
13643.635229333178, 0.0002097555657673397
45048.3609331711, 0.0006726798336023716
148740.03802170246, 0.0017102314132754909
491107.74404240114, 0.003259192722287472
752392.1306695208, 0.00371361338610491
1152687.8269802765, 0.004738179514885056
1765953.1144832314, 0.006405993902442276
2705494.3494309844, 0.008596366047116435
4144900.3457517843, 0.011506436753927022
6350114.491951009, 0.015126688221810989
9728570.218151413, 0.019958946343736357
14904468.03903589, 0.025740127639415984
22834102.293076027, 0.03284399567793138
34982545.24516307, 0.041731937786835184
53594332.55236695, 0.05505847034965108
82108161.70189494, 0.06565073214352249
125792222.74066333, 0.08407168672454264
192717544.44444475, 0.12781772793323148
159254883.59, 0.11241104363053765
103950192.22, 0.08316877181216388
67851247.125, 0.06194174691510658
