1251.5041998573433, 4.400988044193827e-06
4303.18811185064, 1.6149388331660398e-05
14796.13726273029, 5.8443629366540054e-05
50875.22836723115, 0.00016940074319261322
174930.0385268467, 0.0004799314758702217
601481.6908166241, 0.0012263838039761137
934929.4661519239, 0.0016157220598518708
1453233.1075487507, 0.001985591538108398
2258872.504647989, 0.0023535961909224696
3511140.0681349444, 0.0026824728017274257
5457636.299833481, 0.003607298853523323
8483225.790841732, 0.004809053073460131
13186133.312071025, 0.006316463320359108
20496225.847415116, 0.00819958828570364
31858867.497090988, 0.01059064884095623
49520699.359643616, 0.01360144492447069
76973849.28362945, 0.01786268738278873
119646401.4069922, 0.02355370523256612
185975646.31197008, 0.030055764621135912
289076316.6666672, 0.041860725064272145
237525981.49, 0.033369350571928906
152811023.86, 0.027288073899348536
98310125.345, 0.020210256601329295
