1251.5041998573433, 6.445757938671098e-05
3342.714845818964, 0.0001192645267758585
8928.250134304113, 0.00021112557985714323
23846.978919068308, 0.00023075093224024802
63694.27323519002, 0.0003552529439801758
170124.71293439413, 0.0005520929217138172
241628.6811970653, 0.0006320861827223929
343185.9990826144, 0.0007859278445291828
487428.18684788916, 0.00129363249297086
692295.8336555775, 0.0012813770166867815
983270.0164433392, 0.0020620188502769986
1396541.5913762164, 0.002693924537222616
1983512.5487689497, 0.001962071611866561
2817189.302072152, 0.003796295120681556
4001263.096941602, 0.003042784852627287
5683006.945671221, 0.006205482408806389
8071593.184970388, 0.002134446123222294
11464109.962646801, 0.009083387294049932
16282512.537968028, 0.0
23126105.33333334, 0.0
19704308.935, 0.0
13873311.25, 0.0
9767851.57, 0.002906683934095978
