1251.5041998573433, 0.0005070417155600353
3517.905792646168, 0.0010391775637214784
9888.629352857268, 0.0016670918135863791
27796.364155799776, 0.0025209027677758613
78133.96909841498, 0.003151064893224466
219630.05999107528, 0.005844311476643016
317684.5015308496, 0.0074898822404442945
459515.6169287812, 0.009593715610713758
664667.6220713715, 0.012217504363024517
961410.3015316697, 0.015363418936102392
1390634.5625964103, 0.01987882975900209
2011487.170052964, 0.02485105031357192
2909521.1237475504, 0.03113824541609431
4208484.794516641, 0.0404971100524976
6087374.352128777, 0.0509061490719233
8805099.296363568, 0.06891089006211487
12736159.981964951, 0.08993026314231202
18422253.47228018, 0.12534173198039128
26646918.967531566, 0.15514201121431903
38543508.88888888, 0.2139781350846618
32595213.93, 0.21192758469766884
22534586.22, 0.15887105610319685
15579206.725, 0.1049080370974171
