1251.5041998573433, 0.0012176638274406044
4132.198784041264, 0.0018505034381077353
13643.635229333178, 0.002596234616097281
45048.3609331711, 0.0048771743699630755
148740.03802170246, 0.0052457464789391894
491107.74404240114, 0.004211086649207456
752392.1306695208, 0.004063255955055352
1152687.8269802765, 0.004299368953854445
1765953.1144832314, 0.0050912269910325
2705494.3494309844, 0.005535232143910339
4144900.3457517843, 0.006878751564044965
6350114.491951009, 0.007883030217254568
9728570.218151413, 0.00958419743489536
14904468.03903589, 0.00941140722905209
22834102.293076027, 0.013344168663213852
34982545.24516307, 0.011662614887642154
53594332.55236695, 0.012615506820970646
82108161.70189494, 0.0
125792222.74066333, 0.0
192717544.44444475, 0.0
159254883.59, 0.0
103950192.22, 0.0
67851247.125, 0.014013317048728366
