1251.5041998573433, 0.0005221752888019304
3342.714845818964, 0.0009254854590486015
8928.250134304113, 0.0014704834271737231
23846.978919068308, 0.0020022226352625935
63694.27323519002, 0.002687422765952636
170124.71293439413, 0.005341387507583775
241628.6811970653, 0.006817770924593739
343185.9990826144, 0.008781198970203076
487428.18684788916, 0.011383986310756778
692295.8336555775, 0.01465540587414179
983270.0164433392, 0.018360856977309544
1396541.5913762164, 0.023487797345767687
1983512.5487689497, 0.030479054918801974
2817189.302072152, 0.0395310456811312
4001263.096941602, 0.04920252887078359
5683006.945671221, 0.06786189304886403
8071593.184970388, 0.08236979941977175
11464109.962646801, 0.11658529445768286
16282512.537968028, 0.13284393388228613
23126105.33333334, 0.1956570057660247
19704308.935, 0.18900844848084114
13873311.25, 0.14273075897910018
9767851.57, 0.09278659965897233
