125.15041998573435, 0.00010739095646170849
262.12157737475366, 0.00014166212723670636
549.001124672701, 0.00020068817863693562
1149.8566348888453, 0.0002706815193239929
2408.3198036910035, 0.00046280599586971894
5044.110805527469, 0.0008340242857092832
10564.649171362029, 0.0012536604136430965
22127.153113221357, 0.0022915749709432353
46344.26538489771, 0.003206908430647944
97065.8504090382, 0.004289887498453378
203299.78773814108, 0.005117229208486825
425801.6956551039, 0.005639310442348642
891821.3149159461, 0.007349802609721049
1867877.1499835274, 0.011191823929900988
3912179.479315785, 0.01657051446201497
8193873.070568106, 0.02317341016287954
17161675.800294183, 0.028912596670736913
35944310.30818772, 0.03205631772490979
75283641.21114196, 0.029921507661811772
157677990.90909117, 0.027257348523990317
