1251.5041998573433, 9.650954345132335e-05
4303.18811185064, 0.00020738640489747676
14796.13726273029, 0.0004928242104688226
50875.22836723115, 0.0009383665558414222
174930.0385268467, 0.001667435612196322
601481.6908166241, 0.002523084779545633
934929.4661519239, 0.002738804881966047
1453233.1075487507, 0.002901325710625175
2258872.504647989, 0.002911057109832953
3511140.0681349444, 0.0028720392926258795
5457636.299833481, 0.003580250847371756
8483225.790841732, 0.004372862709088893
13186133.312071025, 0.005173631039533063
20496225.847415116, 0.006007959011174815
31858867.497090988, 0.007228842848899724
49520699.359643616, 0.009476479223186812
76973849.28362945, 0.014766492293177695
119646401.4069922, 0.026554115400693697
185975646.31197008, 0.049357678383280035
289076316.6666672, 0.1384848086586738
237525981.49, 0.07456779839041441
152811023.86, 0.03680875667460168
98310125.345, 0.02000424072071489
