4906.140119776826, 4.119317570487979e-05
13034.454704648664, 0.00015609685984353287
34629.465384137104, 0.0006603204583140432
92002.3046582424, 0.0022810635654421907
244428.3782187816, 0.00736934300027182
649388.4289159622, 0.016358735102337093
920574.964967234, 0.022147536971100567
1305009.803668821, 0.02966485816328852
1849985.7724594485, 0.03917205798679269
2622545.323936055, 0.05127008149878392
3717728.0379596143, 0.06494038275925944
5270262.30512844, 0.08045671216746268
7471139.491984411, 0.09769247286412673
10591109.526820535, 0.11058109790392459
15013988.31188397, 0.12243226643008258
21283874.409809805, 0.12112097961412092
30172083.558503415, 0.1278767336229972
42772035.238176696, 0.1199640574171387
60633764.150511846, 0.10293114038080939
85954604.09090905, 0.07716281080097362
73294184.12, 0.10243636115471234
51702899.695, 0.10633999863509178
36472059.4, 0.1294517943668288
