4906.140119776826, 0.00041324659934185965
10401.91273024009, 0.0008245114801537301
22053.953985409735, 0.0014924462489022035
46758.40867003156, 0.0022132235350005246
99136.36270394456, 0.0039527314851703615
210187.18749654604, 0.006651025917149387
274895.8078462802, 0.007865857417847774
359525.7449871946, 0.006310970966846127
470210.0127364542, 0.010611971584954
614969.7460066227, 0.008800124218780327
804295.4812946926, 0.017042951681257308
1051907.3912687951, 0.013406037854759932
1375749.566595537, 0.021024625775994125
1799290.3992288525, 0.029020612553860486
2353223.3041283707, 0.03128275299871899
3077691.0283443904, 0.027134039827646436
4025194.740054654, 0.06704902759986026
5264398.715188599, 0.10255813050735606
6885106.3419860955, 0.15389542331431233
9004768.047619045, 0.12705252125305694
7944937.195, 0.16181437056014905
6074752.529999999, 0.053064710220876506
4644796.73, 0.0636427157330849
