4906.140119776826, 0.006106251682947809
10401.91273024009, 0.00921674136070138
22053.953985409735, 0.013449052149885874
46758.40867003156, 0.016970740744497774
99136.36270394456, 0.02321197475891154
210187.18749654604, 0.03218647444064456
274895.8078462802, 0.033664210075848224
359525.7449871946, 0.02684834560503947
470210.0127364542, 0.04004096989019393
614969.7460066227, 0.03327408956738762
804295.4812946926, 0.05960147793783225
1051907.3912687951, 0.04077012429573959
1375749.566595537, 0.056627396978762796
1799290.3992288525, 0.06974313061702506
2353223.3041283707, 0.07952036511559048
3077691.0283443904, 0.06520662757827454
4025194.740054654, 0.1107550666916789
5264398.715188599, 0.15384366535313743
6885106.3419860955, 0.23078975354218995
9004768.047619045, 0.21767847268338225
7944937.195, 0.23393010657095276
6074752.529999999, 0.12195234015576156
4644796.73, 0.1089049294907672
