4906.140119776826, 0.00020741223661585833
13848.955210168282, 0.0006479606299296004
39092.55661902535, 0.0014027023395789644
110349.69496396638, 0.003076132872100182
311492.93450697884, 0.005538532242880957
879276.0893399164, 0.008279448838698427
1273741.6713265309, 0.008269630492550027
1845174.5304386406, 0.007533094680609069
2672966.6810960905, 0.008102502703907534
3872127.4114657124, 0.008317843640982606
5609262.096928159, 0.008514953932032266
8125719.5150313815, 0.009561772534173441
11771123.633734459, 0.009263214711298507
17051948.61136264, 0.009930935240712676
24701885.77505443, 0.009910385828499102
35783779.01263661, 0.012528726019083194
51837290.96983854, 0.016726870945041012
75092816.05340765, 0.025122528207400897
108781360.23952137, 0.02665369828915443
157583440.8333336, 0.019439807370522057
133182400.535, 0.022083352102280195
91937088.145, 0.02961065162582972
63465053.51, 0.022206326204179255
