4906.140119776826, 0.00034446208990073944
12818.517496096252, 0.0007507288787814301
33491.58132181516, 0.0015871617245885664
87505.12840329301, 0.003364542669215685
228629.02241911215, 0.005628473581921053
597350.4735792343, 0.012447260603893553
841768.618936837, 0.015795773452502503
1186195.4399753942, 0.019867885679157045
1671551.5287271584, 0.02370111216971923
2355500.973134798, 0.028791959978086562
3319302.300338851, 0.03532653040958065
4677462.623321224, 0.04010553729892672
6591341.978804891, 0.04710946248666257
9288324.157832991, 0.055679191638249984
13088831.673186358, 0.0665652954374579
18444394.45241916, 0.08007802233319694
25991295.114089776, 0.0946717815301541
36626164.30430445, 0.106614294327324
51612507.40901698, 0.1320217917132341
72730818.84615384, 0.1531571767683992
62171663.129999995, 0.16379817910606487
44119335.855, 0.11139252470493421
31308729.705, 0.09776417451065911
