4906.140119776826, 5.373954366617694e-05
13298.660061386037, 0.0001703112219008341
36047.55573845069, 0.000671802581666329
97711.06778567267, 0.0014946820583247743
264857.14696135034, 0.0034694062876198663
717925.9206375434, 0.0055648143677197795
1025054.0224776666, 0.006491547617325982
1463571.2666072212, 0.007245249012580416
2089685.8170076893, 0.008502262556355953
2983651.6426876658, 0.01056755441290203
4260055.292742627, 0.012195734324234521
6082503.3450878095, 0.015179003757209486
8684593.133340716, 0.017586960611299732
12399854.732933115, 0.016873050994397214
17704502.10356583, 0.018544311168044718
25278473.134259228, 0.021551045013323833
36092582.568066925, 0.029293752712874647
51532958.874294184, 0.04036001264369728
73578715.10943887, 0.04928962385000582
105055627.22222239, 0.02981250727844416
89317171.16499999, 0.04654322425371685
62555836.989999995, 0.03932300764721866
43812770.72, 0.03316382645601233
