490.61401197768265, 3.3473724867978604e-06
911.2253009374149, 4.508705798544057e-06
1692.4334177113801, 2.3499921131805387e-05
53996704.575, 0.15782888600741599
38514414.92, 0.18511567597079095
27471309.005, 0.19022270752291906
490.61401197768265, 3.3473724867978604e-06
911.2253009374149, 4.508705798544057e-06
1692.4334177113801, 2.3499921131805387e-05
3143.3838266338425, 4.262776391350744e-05
5838.257374346088, 0.00010964352737368501
10843.489388824444, 0.0003041327002290627
20139.787369123685, 0.0006621649288679931
37405.951232962456, 0.0013300682105704968
69474.67527824487, 0.0029031966519170505
129036.43259750101, 0.006367317293407514
239661.44312017082, 0.010809848132770106
445127.0556867158, 0.01915828943522416
826741.6449001953, 0.0329242200567275
1535520.5635788932, 0.054519760375383045
2851947.057122397, 0.08682987659988954
5296967.1716227755, 0.12738688323210262
9838142.383175813, 0.16304906126641927
18272540.194352016, 0.17891899269774106
33937883.00169233, 0.17809322323073776
63033376.333333336, 0.12065788575718281
