4906.140119776826, 0.00024374336801826052
10401.91273024009, 0.0005840823420841165
22053.953985409735, 0.0011931400063754111
46758.40867003156, 0.0022578419720085704
99136.36270394456, 0.005094340300351644
210187.18749654604, 0.010378670011969784
274895.8078462802, 0.013311869482659644
359525.7449871946, 0.016302778638136586
470210.0127364542, 0.020024909574831093
614969.7460066227, 0.023360404012830134
804295.4812946926, 0.033849723606087484
1051907.3912687951, 0.046057623213074224
1375749.566595537, 0.05534702791237289
1799290.3992288525, 0.06820446324984644
2353223.3041283707, 0.07606804067426466
3077691.0283443904, 0.07734479856229667
4025194.740054654, 0.1251450214973043
5264398.715188599, 0.18264746695784706
6885106.3419860955, 0.24257831160854432
9004768.047619045, 0.18375076776086807
7944937.195, 0.2300211560772538
6074752.529999999, 0.12338770217702859
4644796.73, 0.1406708523851771
