4906.140119776826, 5.601200512135287e-05
13848.955210168282, 0.00013383497213662025
39092.55661902535, 0.0003119678888034752
110349.69496396638, 0.0006961384363395096
311492.93450697884, 0.0015062492015428153
879276.0893399164, 0.0035459782349966224
1273741.6713265309, 0.003719670067603714
1845174.5304386406, 0.003638693286766274
2672966.6810960905, 0.004487801683514853
3872127.4114657124, 0.005528731400658116
5609262.096928159, 0.006450713400147585
8125719.5150313815, 0.007696454615764701
11771123.633734459, 0.009231405947982501
17051948.61136264, 0.010847732989742584
24701885.77505443, 0.013775040349166667
35783779.01263661, 0.0167589028517314
51837290.96983854, 0.021039215770769944
75092816.05340765, 0.029624654911553
108781360.23952137, 0.0341973161470721
157583440.8333336, 0.034229954977993554
133182400.535, 0.031377188457737806
91937088.145, 0.035891877549555556
63465053.51, 0.02576572778362201
