4906.140119776826, 0.0002535583855458224
13034.454704648664, 0.0005468205840729763
34629.465384137104, 0.0013142728818944468
92002.3046582424, 0.0028914133945537827
244428.3782187816, 0.005354759008600629
649388.4289159622, 0.010310996881620038
920574.964967234, 0.01315210806768797
1305009.803668821, 0.01600759744557807
1849985.7724594485, 0.019834335898596008
2622545.323936055, 0.02466795604734583
3717728.0379596143, 0.028324646708890674
5270262.30512844, 0.03287707616509586
7471139.491984411, 0.03983007361738237
10591109.526820535, 0.04567620742697214
15013988.31188397, 0.05459911039284824
21283874.409809805, 0.06463996176079449
30172083.558503415, 0.07892521174344906
42772035.238176696, 0.0960781738425481
60633764.150511846, 0.125847053571762
85954604.09090905, 0.14059458582374723
73294184.12, 0.15443250642179826
51702899.695, 0.10672501216353278
36472059.4, 0.08993960979303157
