4906.140119776826, 0.0005684816359813802
11321.680226290648, 0.000953997389612543
26126.53532451724, 0.0016457688350231328
60291.037586290266, 0.0025822160750167077
139130.93213780824, 0.0057214023811592764
321066.2322709326, 0.012632543481397203
432811.2468205009, 0.014898292254402853
583448.3871111097, 0.02169145660447417
786513.8046279433, 0.024947782538708673
1060254.8203677128, 0.03436780506235377
1429269.616754839, 0.03918458943912009
1926717.6136676704, 0.04981452785327834
2597299.151468634, 0.06304060204102203
3501272.2333389516, 0.0765420425368872
4719867.268665817, 0.08430498672192921
6362586.382658553, 0.09808760752547048
8577043.20321607, 0.1250356496270364
11562227.321634553, 0.13836949889946418
15586385.362618458, 0.16447087923559894
21011125.444444437, 0.2493899880338105
18298755.4, 0.24728663517759988
13574306.34, 0.17342312008433977
10069635.26, 0.1464938506158305
