4906.140119776826, 0.0005960354547442377
10401.91273024009, 0.0009267238097115613
22053.953985409735, 0.0014464619100743262
46758.40867003156, 0.0025797153348005816
99136.36270394456, 0.0062375719025700525
210187.18749654604, 0.011277171163966117
274895.8078462802, 0.01466081784995078
359525.7449871946, 0.018974664669118648
470210.0127364542, 0.025945001529149823
614969.7460066227, 0.02718825017414645
804295.4812946926, 0.040375705770107115
1051907.3912687951, 0.050467930634247586
1375749.566595537, 0.060610385484076844
1799290.3992288525, 0.07409061473983979
2353223.3041283707, 0.08292391596294861
3077691.0283443904, 0.09521499435360761
4025194.740054654, 0.1413049652757556
5264398.715188599, 0.17639912155666038
6885106.3419860955, 0.24988981280040234
9004768.047619045, 0.2410623139931366
7944937.195, 0.24920041291199846
6074752.529999999, 0.16809337958677958
4644796.73, 0.14176349454661433
