4906.140119776826, 0.0010834732293048327
13298.660061386037, 0.0028033927626312212
36047.55573845069, 0.006143609221439509
97711.06778567267, 0.009863895514487742
264857.14696135034, 0.015473093253697138
717925.9206375434, 0.017200897281611765
1025054.0224776666, 0.01788758210218701
1463571.2666072212, 0.01784064571595447
2089685.8170076893, 0.018311445771297362
2983651.6426876658, 0.02020235124356577
4260055.292742627, 0.02165239139364556
6082503.3450878095, 0.02507381499761034
8684593.133340716, 0.02755608964341768
12399854.732933115, 0.028129199830302615
17704502.10356583, 0.029910397398757452
25278473.134259228, 0.030637479683514827
36092582.568066925, 0.042484638170050354
51532958.874294184, 0.06431784722265936
73578715.10943887, 0.09946325423605641
105055627.22222239, 0.11839538863061685
89317171.16499999, 0.11553413504519132
62555836.989999995, 0.0707639433429664
43812770.72, 0.05084319247469703
