490.61401197768265, 3.4156862110182246e-06
926.2221622938972, 3.6206273836793188e-06
1748.5996587545637, 1.6122038916006023e-05
3301.152672728184, 2.8418509275671633e-05
6232.192093885126, 6.284862628273534e-05
11765.653438556481, 0.00013614925237118644
22212.184533278556, 0.00042081254119744527
41934.01958650174, 0.0008449041411574681
79166.54915443202, 0.00180860584873415
149457.2322620487, 0.004126695452703779
282157.862304416, 0.008089506281002903
532681.2095690985, 0.013696391205827003
1005640.1360237991, 0.024003573259698284
1898531.5513570474, 0.03995293134718509
3584206.638519529, 0.06389653054452778
6766565.042558767, 0.09490965065932647
12774487.381143508, 0.12238392593098116
24116745.619766466, 0.13560931777337973
45529609.28569676, 0.14395231920653337
85954604.09090905, 0.16799745217134146
