490.61401197768265, 6.709360703725415e-05
926.2221622938972, 6.23271298711079e-05
1748.5996587545637, 0.0001595360518504412
3301.152672728184, 0.00021598511550862076
6232.192093885126, 0.00032008218884952745
11765.653438556481, 0.00048231821198945385
22212.184533278556, 0.0010373462708825297
41934.01958650174, 0.0015350874783944385
79166.54915443202, 0.002512167895056425
149457.2322620487, 0.0041902821281284055
282157.862304416, 0.005459847934788997
532681.2095690985, 0.008680152319171972
1005640.1360237991, 0.014084642117782015
1898531.5513570474, 0.02003302545747213
3584206.638519529, 0.028203728661501098
6766565.042558767, 0.038581579232744585
12774487.381143508, 0.05031643120277347
24116745.619766466, 0.0726009058989214
45529609.28569676, 0.09940827425766298
85954604.09090905, 0.1682913250042541
