490.61401197768265, 0.00022182368261359519
911.2253009374149, 0.0004034745678463561
1692.4334177113801, 0.0010161554863328988
53996704.575, 0.14133427461374118
38514414.92, 0.11788881783024148
27471309.005, 0.08002079793587448
490.61401197768265, 0.00022182368261359519
911.2253009374149, 0.0004034745678463561
1692.4334177113801, 0.0010161554863328988
3143.3838266338425, 0.0020421395642516863
5838.257374346088, 0.0038430190944997154
10843.489388824444, 0.006242478745045888
20139.787369123685, 0.009013505295279518
37405.951232962456, 0.013043409190597297
69474.67527824487, 0.018073010563966253
129036.43259750101, 0.024123612173881693
239661.44312017082, 0.027275744150232175
445127.0556867158, 0.026970506280338948
826741.6449001953, 0.031168205466737077
1535520.5635788932, 0.031529349540437804
2851947.057122397, 0.03931319241159771
5296967.1716227755, 0.04849265291534544
9838142.383175813, 0.05654933788073654
18272540.194352016, 0.0574301708286161
33937883.00169233, 0.09362460420672308
63033376.333333336, 0.13914103046016638
