4906.140119776826, 0.00037046479342974046
10757.863002229404, 0.0007779993805381017
23589.13800855745, 0.0014577288363243877
51724.718177899784, 0.0023688128762760427
113418.57721179057, 0.004343579751686396
248696.83412297693, 0.006446005805502719
329193.30427688453, 0.007096660578810282
435744.3148116102, 0.008296949067118232
576783.0190462737, 0.01042526366955104
763472.1550043962, 0.011149744630587766
1010587.5385008379, 0.01547957108688447
1337687.519156876, 0.015057645277745427
1770660.9578449596, 0.02033306160475137
2343776.242759991, 0.021194829393268902
3102393.516832225, 0.03496564574356586
4106554.7801391436, 0.046543224253716854
5435736.011820599, 0.06643763829043904
7195137.425928154, 0.07957765614688869
9524009.713755859, 0.13945499010131596
12606675.266666668, 0.12914871317107254
11065342.49, 0.15016885990450682
8359573.57, 0.047668956950428935
6315436.72, 0.058373122161406776
