4906.140119776826, 0.0001841738004981027
11321.680226290648, 0.0004986218730844404
26126.53532451724, 0.001364088445232238
60291.037586290266, 0.0028958164170602386
139130.93213780824, 0.006455532679586589
321066.2322709326, 0.014902569230790657
432811.2468205009, 0.019553249264170472
583448.3871111097, 0.026779162064314136
786513.8046279433, 0.031275734206874586
1060254.8203677128, 0.04302097615753522
1429269.616754839, 0.052906737476450166
1926717.6136676704, 0.0716406196683273
2597299.151468634, 0.08637214980625887
3501272.2333389516, 0.11327163248271555
4719867.268665817, 0.11968197638708797
6362586.382658553, 0.1525187431145255
8577043.20321607, 0.2052003002798062
11562227.321634553, 0.2031665870470211
15586385.362618458, 0.20400828044314018
21011125.444444437, 0.26745376373438884
18298755.4, 0.28673309219954957
13574306.34, 0.2341727518824359
10069635.26, 0.21040060055961238
