4906.140119776826, 0.00030005549977600744
11321.680226290648, 0.0007381318665818491
26126.53532451724, 0.001522892404457561
60291.037586290266, 0.0026487595154516914
139130.93213780824, 0.003841300889421582
321066.2322709326, 0.0072305153574181505
432811.2468205009, 0.007845227958200094
583448.3871111097, 0.009641332648979867
786513.8046279433, 0.012361709560964248
1060254.8203677128, 0.012976804260139533
1429269.616754839, 0.014846261614632409
1926717.6136676704, 0.02236423275493964
2597299.151468634, 0.02399622167876506
3501272.2333389516, 0.030851645152332234
4719867.268665817, 0.033771980901362526
6362586.382658553, 0.040859105957510515
8577043.20321607, 0.0641434726912775
11562227.321634553, 0.07054268079655293
15586385.362618458, 0.09366872404021581
21011125.444444437, 0.14993594969139395
18298755.4, 0.15034354256434146
13574306.34, 0.09300881176972942
10069635.26, 0.07357051356701991
