4906.140119776826, 0.00021463619893221923
13298.660061386037, 0.00036820618268398956
36047.55573845069, 0.0010746372615066324
97711.06778567267, 0.00208886255354659
264857.14696135034, 0.004425963698350022
717925.9206375434, 0.007557645323960205
1025054.0224776666, 0.009621113952878459
1463571.2666072212, 0.011763422678161245
2089685.8170076893, 0.014770407556141495
2983651.6426876658, 0.017771378699182536
4260055.292742627, 0.02115820195629799
6082503.3450878095, 0.024862298675987653
8684593.133340716, 0.030221901020652343
12399854.732933115, 0.03508405269362427
17704502.10356583, 0.04121726408408384
25278473.134259228, 0.04929204119995183
36092582.568066925, 0.06204090443666241
51532958.874294184, 0.07854166813534419
73578715.10943887, 0.11730455295343575
105055627.22222239, 0.14162442084612845
89317171.16499999, 0.13584822230323493
62555836.989999995, 0.08337064637327347
43812770.72, 0.06653313912887764
