4906.140119776826, 6.81087830477034e-05
12818.517496096252, 0.0002750310537111875
33491.58132181516, 0.0008886249246585014
87505.12840329301, 0.002917679161451768
228629.02241911215, 0.008503760704675192
597350.4735792343, 0.020078318087538998
841768.618936837, 0.0269613243509374
1186195.4399753942, 0.03600819905162885
1671551.5287271584, 0.04718032712300097
2355500.973134798, 0.061287790896062254
3319302.300338851, 0.07929726725877684
4677462.623321224, 0.0977028594826998
6591341.978804891, 0.11808210897817122
9288324.157832991, 0.13508223571964786
13088831.673186358, 0.1522354386373399
18444394.45241916, 0.16202597875292885
25991295.114089776, 0.16006107964239405
36626164.30430445, 0.1471939762051002
51612507.40901698, 0.12693646352282809
72730818.84615384, 0.10093496212379717
62171663.129999995, 0.12921131053936621
44119335.855, 0.1280283900907664
31308729.705, 0.14629866141501982
