4906.140119776826, 0.0052855569332169
11321.680226290648, 0.00899090811520463
26126.53532451724, 0.013473137002766911
60291.037586290266, 0.019169576970724786
139130.93213780824, 0.02188562492179944
321066.2322709326, 0.028465733278006455
432811.2468205009, 0.02842497645384442
583448.3871111097, 0.03009321415635943
786513.8046279433, 0.03949212744335063
1060254.8203677128, 0.04036853810064327
1429269.616754839, 0.040470287263329005
1926717.6136676704, 0.05034630203803659
2597299.151468634, 0.05500929715552201
3501272.2333389516, 0.060653251477736564
4719867.268665817, 0.060457212919481196
6362586.382658553, 0.06455655347941171
8577043.20321607, 0.09335046571581118
11562227.321634553, 0.11251400084066816
15586385.362618458, 0.14983016435312072
21011125.444444437, 0.22910082024261014
18298755.4, 0.22927841261526297
13574306.34, 0.14950684997604463
10069635.26, 0.11392983773024482
