4906.140119776826, 0.0018755370804921139
13034.454704648664, 0.004163332980772308
34629.465384137104, 0.008037234192378274
92002.3046582424, 0.013658258706642109
244428.3782187816, 0.02142524327611577
649388.4289159622, 0.021296665139507658
920574.964967234, 0.02252687334250897
1305009.803668821, 0.023351026469658816
1849985.7724594485, 0.023119149307548728
2622545.323936055, 0.02611951143884475
3717728.0379596143, 0.029330542671915903
5270262.30512844, 0.03164105437885787
7471139.491984411, 0.03281946940978191
10591109.526820535, 0.03520886723096317
15013988.31188397, 0.04345104904319805
21283874.409809805, 0.04351136486908116
30172083.558503415, 0.05229380364323735
42772035.238176696, 0.07717771702725233
60633764.150511846, 0.10679062647364783
85954604.09090905, 0.12555801255208068
73294184.12, 0.1309650421149893
51702899.695, 0.08844496625811468
36472059.4, 0.06629354617656626
