4906.140119776826, 2.869176417255309e-06
13848.955210168282, 1.6668548709768937e-05
39092.55661902535, 6.230211648897243e-05
110349.69496396638, 0.00028862548483104004
311492.93450697884, 0.0009437541001043356
879276.0893399164, 0.0036736388336743213
1273741.6713265309, 0.0053100940973731525
1845174.5304386406, 0.006882197832856401
2672966.6810960905, 0.009134716635864978
3872127.4114657124, 0.01205877881747943
5609262.096928159, 0.015425751490163508
8125719.5150313815, 0.01904138762811699
11771123.633734459, 0.022297719021442168
17051948.61136264, 0.024748758913289818
24701885.77505443, 0.0268163719721192
35783779.01263661, 0.026326857425814854
51837290.96983854, 0.024330752645773456
75092816.05340765, 0.020780727496075888
108781360.23952137, 0.010185627516549512
157583440.8333336, 0.0023544666621169727
133182400.535, 0.005050160376714666
91937088.145, 0.017563887010416734
63465053.51, 0.023145430969767282
